-4.292 2.264 0.938 -2.037 3.962 2.311 -0.741 0.043 0.987 2.414 -1.531 3.969 -0.086 -2.000 -3.749 -1.570 -3.479 3.095 2.005 -5.175 1.000
-0.337 1.128 0.266 5.324 -4.000 -3.526 3.780 0.050 4.201 -1.290 1.619 -1.752 -0.666 2.898 3.410 0.475 -1.542 -2.599 -5.228 4.446 1.000
-2.832 2.697 -1.225 -9.845 2.864 3.573 -0.590 -1.339 5.176 -1.180 2.121 3.587 -1.392 -0.782 1.285 0.365 1.964 -2.295 -0.555 2.725 0.000
1.967 0.713 -1.625 11.215 0.163 -3.971 0.402 3.429 -5.398 -2.191 0.406 2.495 1.822 -5.953 2.402 8.670 0.813 -3.262 0.350 -7.233 1.000
0.362 2.422 -1.209 7.138 -1.237 -1.262 2.206 3.458 -3.673 -2.107 0.941 -1.063 4.244 -0.305 -2.583 -0.033 -1.660 -2.375 -1.188 -1.151 0.000
-1.093 4.296 -2.258 1.936 -0.577 -1.481 -4.952 2.706 -3.315 0.079 -3.351 -0.995 1.177 -3.776 -0.597 3.374 0.379 -1.171 -0.398 8.429 0.000
-1.616 3.329 -0.110 9.814 2.103 -3.122 0.182 5.143 5.424 -2.398 -5.238 0.183 -2.729 -2.693 -4.375 -0.575 -1.939 -4.961 0.647 15.070 1.000
-0.407 1.514 1.972 -6.885 0.843 0.946 -0.114 -1.465 -0.096 5.769 0.460 -1.445 1.841 -6.107 -3.675 0.688 -3.378 5.321 3.515 -6.711 1.000
-0.447 1.519 2.721 1.949 2.978 1.864 -4.132 1.397 1.031 -3.259 -0.700 2.008 2.617 -0.664 -2.436 2.523 -4.837 0.112 -0.498 -0.568 0.000
-0.405 0.053 -0.737 4.461 4.066 1.968 2.966 0.422 0.843 3.620 -2.978 0.623 -5.418 0.548 2.014 -2.066 -2.045 -1.270 0.260 4.184 0.000
-0.479 -1.635 -0.425 6.928 -1.727 2.356 -0.185 -0.052 -3.600 -2.976 0.096 2.394 0.010 -1.070 1.196 4.499 -4.483 1.533 -0.093 -10.989 0.000
-5.487 0.494 -0.469 -11.121 3.356 3.959 2.842 0.611 4.340 2.086 2.454 1.918 0.329 -2.795 1.351 -1.028 -0.651 -0.020 -1.265 -4.802 0.000
-6.683 -1.789 2.386 -5.750 0.496 -0.330 2.656 2.799 4.733 1.606 -0.747 -1.527 1.220 -4.267 2.674 0.025 -0.761 1.734 0.589 -4.855 0.000
-1.649 -3.562 -1.549 -1.603 3.833 -1.495 0.276 -1.284 -0.811 5.363 -2.077 -1.724 -1.402 1.708 -3.136 0.711 -1.010 0.837 -1.578 1.463 0.000
-1.006 -1.496 -1.098 6.986 3.530 -0.961 1.252 -3.729 -0.965 0.015 -0.319 3.521 -0.786 6.493 -2.851 3.672 -2.060 -2.377 -0.007 -3.437 1.000
-1.848 0.940 -1.725 2.408 1.051 -4.456 -1.984 1.540 6.020 0.583 -2.256 1.529 -1.084 4.979 -6.898 0.941 1.682 -3.080 -1.679 17.126 1.000
-3.906 1.154 0.403 4.813 -2.454 -2.833 4.627 6.482 -0.885 -2.115 2.756 -2.059 2.319 -2.870 1.082 2.392 2.807 -0.539 -2.564 -1.639 0.000
-3.108 0.753 1.440 6.836 6.396 -4.056 0.836 1.732 3.039 0.096 0.768 -0.082 -6.715 -1.595 -2.172 -2.519 -4.291 -4.430 3.411 1.221 0.000
2.014 -0.901 -5.259 6.990 1.321 -2.480 -0.244 -2.923 -2.553 0.251 -0.529 2.333 -6.103 7.268 -4.032 -4.880 1.317 0.064 -1.329 3.303 0.000
-1.237 -0.649 1.002 5.228 1.088 -0.399 1.657 1.265 2.769 0.534 -6.013 -3.944 -5.196 -1.592 3.098 -1.934 -1.079 -4.813 5.251 10.509 0.000
0.185 5.180 2.572 1.858 0.366 -2.747 -5.713 1.910 -0.521 -4.297 1.331 -0.516 0.758 -2.145 -0.595 1.255 0.867 -1.564 1.316 5.505 0.000
0.192 0.789 0.319 -1.971 -0.637 0.088 1.372 0.324 0.896 -0.791 1.708 -3.022 -1.531 1.741 0.190 -0.719 4.309 -1.687 1.396 7.531 1.000
-3.176 -3.816 1.459 4.514 -5.843 -7.163 3.344 0.031 -0.208 -1.058 1.425 -3.806 -1.110 3.677 6.844 -1.777 2.668 -3.157 -2.789 -1.988 1.000
2.213 -0.125 3.299 1.741 1.261 -0.932 -2.074 -4.239 -0.243 1.760 1.540 1.800 -0.829 4.434 -4.354 1.753 -0.983 -2.198 6.143 1.204 1.000
0.246 0.251 -2.186 0.970 0.070 1.620 -5.779 -0.790 -3.743 -3.244 1.225 3.378 -1.858 -2.556 -0.557 3.374 -2.561 -0.173 2.141 -6.069 0.000
0.284 1.051 -2.183 -5.095 3.459 6.265 1.019 -0.584 1.708 -1.106 0.843 2.844 -5.574 1.524 1.224 -4.886 3.197 -0.712 0.025 4.641 0.000
-5.004 1.208 0.855 9.484 0.395 -3.691 -0.807 2.463 -2.393 -0.834 -3.752 -2.003 0.273 -3.056 -0.238 4.202 -4.410 -3.231 1.113 0.110 1.000
-1.138 1.060 4.468 -4.763 -2.254 0.529 -0.939 -1.224 -0.977 -3.346 1.653 -8.087 0.728 1.333 2.982 1.052 3.955 -3.446 2.157 8.581 1.000
-0.395 2.395 -0.641 9.585 1.710 0.348 5.234 -2.690 -2.414 -4.234 -0.853 0.850 -2.204 2.778 -1.860 -1.672 0.637 -3.456 -0.135 -1.880 0.000
0.872 -0.322 5.137 -3.743 1.625 -1.068 -2.866 0.399 2.746 -2.328 -1.588 -2.519 3.286 1.052 -8.331 -0.603 2.795 -3.187 0.237 12.917 1.000
-1.985 0.969 -0.654 3.715 -0.987 0.039 -0.226 2.722 1.065 -2.561 -0.511 0.671 -0.720 4.873 2.424 -1.365 2.390 0.880 -2.443 5.721 0.000
-6.715 1.358 -3.339 -2.642 -2.334 -0.058 1.906 4.809 -3.300 0.250 1.799 0.103 4.654 -0.705 -5.651 -1.014 2.001 3.269 -3.084 -3.914 0.000
-1.635 -0.447 -1.309 0.401 -3.144 1.651 -5.363 2.797 1.524 -4.603 -1.541 5.324 -0.169 4.561 -1.244 1.670 4.395 0.716 -4.422 9.891 0.000
-2.796 0.725 2.262 3.884 2.399 -0.048 1.599 3.127 -0.527 -2.512 -4.736 -1.477 -0.443 -2.937 -2.392 -1.394 3.215 -3.262 2.344 6.383 1.000
-2.930 -0.218 -3.878 1.517 -0.191 1.663 -1.524 1.950 -1.222 -1.165 0.187 4.947 1.251 -1.098 -2.243 2.617 -3.105 2.011 -1.092 -7.636 1.000
1.233 -1.179 3.546 -3.453 2.197 0.248 -0.321 -4.025 1.249 4.587 3.536 4.250 0.712 0.136 -3.338 0.288 -4.612 4.164 2.417 -12.806 1.000
-2.422 1.343 -2.452 -8.835 -1.605 3.240 -0.368 1.342 1.508 3.543 -1.764 1.958 2.901 1.946 3.750 -0.772 4.164 2.020 -3.034 5.855 0.000
1.325 -1.685 2.168 0.707 0.515 -0.350 4.418 -1.123 4.901 -2.043 -0.551 -0.140 2.461 5.825 0.266 -0.213 3.201 -0.637 -6.273 5.059 1.000
-4.421 1.289 -3.363 3.334 2.509 1.286 1.893 3.025 1.432 1.394 -2.514 0.455 -1.440 3.038 -2.953 1.041 0.106 -2.813 1.541 9.535 0.000
-3.860 0.659 -2.158 -0.286 -1.678 1.954 0.352 2.280 -1.711 -0.133 -1.982 -4.601 2.530 -0.049 -2.523 1.836 -2.425 -0.274 -1.031 4.917 0.000
-3.066 1.606 2.553 4.500 1.740 0.651 0.651 3.397 -0.748 -2.895 -1.595 -2.433 0.377 -0.429 1.980 -1.307 -1.519 -1.294 -2.283 2.532 1.000
0.709 6.255 1.846 1.666 3.700 -0.591 -6.055 0.671 -5.247 -4.523 3.929 1.459 1.611 0.847 -3.960 -0.458 1.436 1.664 -0.292 -0.777 0.000
2.198 2.418 -3.566 -4.007 3.740 3.416 3.918 -4.710 -2.187 5.715 -2.888 1.560 -1.083 0.765 1.864 -2.627 3.087 -0.259 0.826 0.673 0.000
-3.412 -1.000 -2.425 3.704 -3.060 3.305 2.228 2.580 -2.183 0.787 -1.631 1.185 1.216 -0.542 -0.602 3.011 -2.085 4.598 1.188 -6.288 0.000
1.179 1.565 4.378 -6.276 -1.060 -0.402 -2.553 -1.687 2.231 1.064 5.882 3.727 -1.023 1.127 0.993 0.384 3.929 -1.060 5.095 -0.011 1.000
-4.159 0.704 1.193 -11.694 -1.697 2.552 -0.741 5.742 4.126 4.379 -0.198 -1.277 6.410 -1.115 2.539 1.688 2.505 1.279 -0.472 7.887 0.000
-0.485 -0.930 0.518 -1.173 0.748 0.344 1.017 3.166 0.704 -0.386 -0.738 -4.889 3.607 -1.334 -3.619 0.557 -1.431 0.142 -0.646 3.756 0.000
-1.462 2.025 -4.047 -2.560 1.747 6.024 2.677 -1.865 2.095 1.852 -1.638 3.385 -1.702 4.107 -0.267 1.202 1.587 2.095 -1.624 4.696 0.000
-0.192 -5.945 2.533 -0.138 3.069 -4.877 -1.809 0.540 1.415 4.621 1.694 -5.051 -3.573 4.472 -3.954 0.060 -1.973 -2.369 -2.328 9.167 1.000
-2.726 2.184 -4.152 -10.278 1.258 2.674 -2.111 -2.253 2.146 3.339 -2.593 3.939 1.818 0.484 3.851 2.241 2.465 -1.140 -3.006 4.475 0.000
2.225 -0.688 0.330 6.291 -0.791 2.756 -0.475 0.974 2.094 1.868 0.910 5.133 -1.482 4.018 0.404 2.012 -4.572 2.966 3.579 -2.393 1.000
-1.175 -0.089 1.516 -3.836 1.485 -0.664 -1.921 -0.810 -1.130 1.427 0.573 1.108 0.371 3.103 -6.061 -4.082 2.354 1.562 -2.115 2.911 1.000
4.261 1.282 -1.235 0.501 1.457 0.123 -1.386 -4.552 -2.101 1.424 1.512 2.458 -2.998 0.036 -0.837 1.001 0.136 -1.679 4.302 -1.893 1.000
-0.142 3.282 -2.983 4.665 -0.476 2.291 5.301 -4.397 -0.791 -4.159 -1.822 1.812 -2.557 2.733 2.019 -3.360 2.451 -3.120 0.440 -1.156 0.000
-0.687 4.647 1.295 10.342 1.136 -2.340 2.166 1.982 -1.760 -0.445 1.501 1.300 -3.024 -0.576 -1.309 -1.710 -1.283 2.173 -0.455 -2.227 1.000
-1.264 1.758 -1.545 7.682 3.213 -1.289 3.418 3.056 6.094 -1.386 -5.111 -0.966 -1.628 -0.541 1.490 3.234 -0.894 -2.730 -4.151 11.670 1.000
-1.537 -4.196 -0.469 2.494 7.230 -1.044 0.893 -0.973 1.263 3.567 -0.678 1.096 -3.629 1.079 -4.772 0.432 -3.863 4.482 2.438 -7.851 1.000
-2.376 1.419 -0.429 2.525 -1.688 -3.362 1.551 -1.976 -2.751 2.285 -4.527 2.162 1.206 -0.058 0.265 -3.975 1.526 -2.960 -1.921 -0.454 0.000
-0.881 0.712 0.124 -0.519 -2.194 -2.608 2.557 0.211 1.697 4.775 1.452 2.581 -0.140 3.640 -3.879 -0.360 4.547 1.507 -1.745 5.494 1.000
-3.198 4.360 0.774 2.544 -1.790 0.031 -0.716 2.243 -3.147 -1.922 0.079 2.493 0.023 -1.945 -1.187 0.532 3.945 2.351 -1.221 0.148 0.000
-0.802 1.467 2.758 -0.712 3.625 -1.306 0.012 2.169 2.706 2.777 2.125 -0.194 -2.454 -1.741 5.376 -2.374 -2.562 0.921 -1.830 -1.162 0.000
-1.177 -2.365 2.715 13.667 4.854 -2.573 2.977 1.581 -1.163 0.754 -1.866 -0.366 -4.947 2.023 -2.976 -2.778 -5.480 -2.291 0.227 -1.173 0.000
0.805 -0.943 -3.619 -8.584 -1.941 1.141 -3.906 -0.380 1.941 4.628 -2.287 2.101 -0.829 3.825 2.198 -3.811 3.642 2.658 -1.282 8.932 0.000
3.223 -0.926 1.008 -2.016 0.255 -0.050 0.794 -2.441 0.579 -4.754 0.740 -3.346 -1.942 -0.045 -2.617 -5.199 2.664 -2.960 1.214 3.161 1.000
5.357 -0.310 0.837 -8.939 2.819 5.231 -0.044 -5.531 1.508 0.501 0.164 -0.160 -2.548 -0.939 0.559 -0.917 2.537 -1.568 1.630 3.726 0.000
0.524 0.161 -4.389 -7.682 -1.371 0.038 -3.413 -5.813 1.281 -1.483 2.684 2.405 -2.483 5.094 2.065 -0.020 4.381 -3.971 5.036 2.327 1.000
-2.619 1.230 -0.181 8.690 -1.775 1.363 8.268 -1.673 -1.600 -1.658 -2.533 -0.302 -1.575 1.654 2.346 -2.269 -0.021 1.116 -3.129 -5.433 0.000
1.789 -2.653 1.456 0.955 -2.019 1.324 -0.752 -4.424 -0.132 1.745 -3.700 -2.668 0.720 1.668 -0.034 1.883 -6.043 0.396 -3.509 1.161 0.000
1.164 1.260 5.536 6.090 4.212 -0.899 1.923 1.844 2.656 -3.237 -4.828 0.130 -0.451 -0.997 -5.239 -4.035 2.581 0.504 -3.613 8.031 1.000
-2.903 -2.169 0.461 -6.793 -2.479 -1.320 -2.038 0.246 1.638 2.829 -0.115 -1.875 1.995 3.985 -0.496 -0.392 1.599 -2.457 -1.596 8.635 1.000
-1.841 -1.005 0.069 4.843 4.749 0.459 0.894 -0.390 -1.240 1.792 -1.578 2.459 -1.678 1.991 -1.776 2.345 -0.928 1.040 1.904 -3.263 1.000
-0.390 3.641 0.011 -9.004 0.543 -0.081 -2.821 -9.137 2.316 0.803 2.113 4.891 1.529 -0.278 -4.163 1.184 -1.814 0.154 4.098 -8.275 1.000
-2.882 5.483 -0.909 1.734 -1.208 -0.550 2.179 -0.504 0.881 -0.460 -1.682 3.477 2.706 0.965 2.872 -0.723 1.543 -2.697 -0.793 0.952 0.000
-5.181 0.574 1.159 -5.580 5.046 -0.481 -0.711 2.142 0.284 0.520 3.277 4.362 -0.548 -2.553 -1.180 -3.648 0.103 -0.695 -3.615 -6.799 0.000
-0.112 -2.060 0.670 0.108 0.323 0.798 -3.340 2.168 0.677 -2.978 -0.109 -0.361 0.245 -3.997 -0.775 4.811 -1.739 1.699 2.691 -3.058 0.000
-0.283 2.203 2.876 1.662 0.842 -2.003 1.053 -1.077 -1.762 -1.739 3.166 -2.646 -0.570 2.481 -0.372 -0.284 3.028 1.680 -3.256 0.682 1.000
-0.610 -0.242 -1.315 -1.947 -3.010 -0.263 -0.573 -2.765 0.107 1.531 -5.208 -0.022 -0.065 0.534 6.556 -0.699 1.579 -0.279 -3.688 3.301 0.000
0.935 5.514 -2.151 -5.270 -1.854 2.944 -2.227 -3.547 1.944 -0.751 0.192 4.699 2.667 0.360 -1.037 0.910 -0.006 -0.455 1.588 1.349 1.000
0.861 -2.213 1.480 -2.782 3.269 -0.406 -0.647 -4.272 0.656 -2.937 -0.153 4.715 -7.422 -5.178 1.404 -6.936 0.762 -5.076 0.139 -7.049 0.000
-1.314 1.260 1.662 -1.320 1.281 1.895 -1.776 -0.597 -3.695 -2.949 2.659 -0.141 1.274 -0.155 -4.885 1.302 0.290 1.163 -0.402 -3.437 0.000
-4.773 1.132 1.904 -17.920 -1.621 1.542 1.886 -4.955 2.416 4.555 -3.423 1.609 4.959 -6.533 6.683 -3.678 2.148 -4.358 -2.652 -4.860 0.000
-0.217 0.165 1.624 -4.709 0.178 -1.926 -3.718 -3.689 2.070 2.109 2.162 2.818 -2.423 0.218 -3.600 -1.103 -1.184 -0.327 3.556 -1.112 1.000
-4.235 5.879 -2.280 -4.118 1.806 0.326 -5.622 3.032 -3.536 0.426 1.148 2.912 4.317 -1.527 -5.227 0.905 -0.828 -0.921 -2.808 3.275 0.000
-3.135 -0.900 3.960 1.961 -1.202 0.921 -1.521 2.124 4.444 -5.066 2.708 3.292 2.134 0.188 0.569 0.578 -6.712 0.148 -0.496 -8.604 0.000
-1.143 0.374 3.829 3.052 -0.095 0.381 5.816 0.232 -0.273 -2.815 -1.326 -2.617 0.853 0.609 3.733 -1.045 4.710 -0.131 -3.711 0.346 1.000
0.602 -0.843 0.437 -2.943 2.302 -1.055 -2.360 4.296 3.712 -3.622 -1.411 -4.581 -1.770 -1.586 -3.475 -4.494 2.595 -5.056 1.236 15.523 0.000
-0.101 1.814 4.777 -1.802 1.135 1.737 -1.568 -0.237 3.245 -2.552 -1.830 -5.498 0.263 1.937 -1.966 3.028 1.590 -2.517 -1.659 17.133 1.000
3.788 2.341 7.269 -5.855 1.736 -1.170 -7.867 -1.771 5.735 -1.434 0.945 -5.474 2.881 5.982 -6.881 2.769 0.424 -0.903 -0.955 22.461 1.000
-2.711 0.273 4.808 0.487 -3.155 0.875 1.362 -1.376 0.209 -1.577 -2.783 -2.779 -2.017 2.049 -0.724 -2.849 3.638 -1.976 1.378 8.679 1.000
-1.443 1.972 3.862 -4.779 1.544 -2.286 -2.581 -1.407 -0.815 2.692 0.884 -0.751 3.857 3.690 -3.223 0.531 3.275 2.942 -3.130 3.986 1.000
0.767 1.639 3.190 7.735 -3.651 -3.744 3.425 -0.446 3.453 -1.297 2.066 0.390 -2.618 4.897 -1.380 -2.696 0.767 0.532 -4.548 5.364 1.000
-5.942 6.453 -0.174 3.524 1.576 -0.020 -2.782 4.771 -7.447 -2.123 5.058 3.286 3.348 1.121 -3.461 0.359 0.468 2.589 -1.234 -6.589 0.000
-2.551 3.523 -4.047 4.230 -3.457 2.768 1.159 1.179 0.178 -1.171 -0.831 5.000 2.452 2.769 -3.366 -2.125 -4.458 0.736 -1.449 -1.936 0.000
-0.965 6.025 -3.931 -1.444 -1.639 1.182 -8.521 -3.114 -1.036 -0.699 -1.566 3.609 -2.270 -0.805 -0.533 4.891 -2.606 -2.642 0.747 8.447 0.000
1.750 -0.612 0.837 -4.401 1.484 -0.587 -2.111 -1.905 -0.000 4.529 0.801 -2.890 0.083 -3.247 -5.432 -0.330 -6.286 0.921 -0.006 -0.483 1.000
2.090 2.575 0.253 -2.562 2.447 1.966 0.101 0.070 0.117 4.296 -1.126 -4.210 1.798 1.309 1.915 2.743 -0.225 -1.299 0.122 10.734 0.000
-3.286 -1.872 5.293 3.183 -0.720 1.624 2.698 1.427 2.371 -4.204 2.728 -0.626 0.666 2.446 -1.776 0.460 -1.870 3.602 -0.011 -6.665 0.000
5.017 0.593 -1.559 -0.522 -2.353 -1.874 -1.836 -2.765 2.399 1.926 1.415 0.744 -2.764 2.258 0.641 3.103 3.715 0.120 6.087 6.511 1.000
3.024 0.258 -0.459 3.268 -1.227 -0.827 0.782 0.316 0.360 4.006 -0.778 -3.347 -0.157 -3.910 -2.962 3.357 -5.242 5.369 0.925 -1.171 1.000
2.646 0.074 5.962 -3.473 2.299 0.442 -0.376 2.203 2.008 6.123 2.667 3.671 1.180 -1.725 -2.697 -4.200 -1.152 5.535 2.629 -4.798 1.000
3.563 0.959 -1.362 0.636 2.648 3.490 0.299 -3.703 -1.854 1.447 -2.753 0.343 -2.928 3.718 1.652 -1.752 0.953 -3.160 -1.885 8.297 0.000
-2.888 0.042 -2.042 6.878 -2.037 -2.209 0.723 -0.821 -0.759 0.186 -3.820 -1.363 -0.273 7.734 0.080 -1.181 -0.777 -1.847 -4.108 8.237 0.000
2.932 1.165 2.139 9.833 -0.013 0.635 1.438 3.266 -1.718 3.871 -1.341 3.386 0.874 0.348 -2.017 -0.197 -4.595 2.565 -3.391 0.166 1.000
3.384 1.676 0.285 -3.981 2.584 0.269 -1.076 -5.438 -0.089 1.941 -0.940 -1.172 -1.059 1.211 0.088 0.781 1.224 -4.405 -1.107 7.952 0.000
-2.910 -7.067 3.921 3.253 5.378 -1.841 0.840 0.204 0.334 0.893 2.677 0.183 -2.370 5.812 -1.051 1.884 -0.788 1.420 1.351 -7.455 1.000
2.469 0.031 -2.149 2.977 2.268 -0.872 -2.512 -2.390 -0.414 1.155 -1.604 0.296 -2.813 3.315 0.520 2.899 -0.516 -5.059 0.437 9.084 1.000
3.608 -0.646 -1.527 3.196 3.558 1.018 -0.796 2.363 -1.988 -3.295 -1.615 2.017 3.940 -3.523 -4.976 0.843 -1.556 0.406 -1.951 -4.284 0.000
0.538 -0.510 -1.694 2.663 -1.191 0.608 -1.507 3.402 -0.103 -2.610 -1.718 1.191 1.155 -3.621 -1.240 1.197 -0.616 3.235 1.755 -3.202 0.000
-2.202 0.501 -1.755 2.804 -1.814 -2.684 0.589 3.787 6.128 -2.230 0.557 -2.084 -1.787 4.641 2.110 -1.265 0.036 -4.991 -2.298 13.940 1.000
1.964 3.527 0.664 9.608 3.348 -3.139 2.678 1.894 0.640 -2.969 0.006 -2.077 -1.674 -1.354 1.469 1.878 1.330 -0.360 0.390 2.397 1.000
1.865 -1.642 2.641 12.664 6.792 -2.149 5.122 -0.499 -4.049 4.877 -2.359 -1.174 0.022 -1.099 -7.546 2.777 -5.275 5.143 0.700 -9.648 1.000
-1.044 3.153 -1.351 -3.577 -0.624 -0.868 -4.364 -1.609 3.259 4.835 -0.915 0.629 0.383 4.983 -4.468 3.867 -0.145 -1.042 1.977 15.289 1.000
-3.404 1.166 -3.241 -11.321 2.927 3.049 -1.195 1.406 3.759 2.672 3.833 2.637 0.001 1.882 -1.798 -0.768 1.089 0.860 -1.903 3.459 0.000
-0.345 2.629 4.154 9.455 4.206 -2.589 3.969 3.372 -2.177 -5.494 0.117 -3.199 -0.070 -2.578 1.198 -0.896 3.171 1.195 -2.591 -2.797 1.000
-1.801 0.843 2.372 -4.432 1.687 3.372 0.774 1.171 0.664 -0.991 1.589 3.365 1.581 -1.628 0.743 -0.378 0.455 -3.623 -3.978 -0.383 0.000
-2.159 -0.551 -3.828 -0.815 -2.642 0.510 0.478 3.218 1.636 1.457 -2.615 -2.194 3.422 -1.546 -1.488 2.747 -2.942 1.327 -1.268 3.152 0.000
-1.516 0.066 1.045 6.919 -2.969 -1.306 3.632 -1.788 0.162 -5.352 -1.941 -0.704 -0.380 1.451 1.380 -0.530 1.254 -1.149 -0.854 -2.608 0.000
-1.274 -0.250 0.867 -4.154 -0.716 3.875 -4.580 -2.188 -0.803 -0.278 -2.955 0.881 0.413 -0.565 -2.067 0.360 -3.316 3.626 -2.600 -0.068 0.000
0.399 -6.131 4.564 -1.500 2.989 -4.312 0.379 -1.139 1.806 0.802 3.031 -4.068 -0.598 -2.305 0.088 2.615 -2.110 4.741 0.381 -11.899 1.000
-2.618 2.916 2.981 2.445 1.977 -3.024 -3.671 2.577 1.396 -1.353 -0.313 0.800 -1.293 -0.899 1.649 1.794 1.536 -0.538 -0.154 5.447 0.000
0.517 -5.568 1.268 3.413 -1.359 2.144 1.793 -0.980 -1.444 -1.770 -1.653 -0.093 2.615 -0.998 -2.631 2.200 -5.544 1.271 -1.003 -10.766 0.000
-3.223 -0.231 0.822 -7.688 3.694 -0.596 1.375 -1.906 4.538 3.348 0.512 -1.795 -2.617 -3.923 1.655 1.447 -0.507 1.455 -0.067 -1.878 0.000
-2.747 -0.185 -2.494 -13.998 -1.966 1.243 -3.451 -2.310 1.304 5.450 -3.120 -0.389 4.825 2.540 3.486 1.527 2.133 -2.195 -6.149 10.036 0.000
-0.514 -1.496 2.853 -5.979 -0.709 -1.463 -1.236 -7.104 0.748 -3.432 5.619 0.238 1.800 3.584 -1.826 -0.497 -1.080 -0.958 3.481 -11.966 1.000
-2.426 0.162 2.185 1.211 0.503 1.571 4.096 -0.416 -1.340 -1.647 -0.714 -2.185 -2.313 2.856 1.799 -2.313 5.191 2.301 -5.329 2.714 1.000
4.945 -4.148 3.848 15.081 -2.330 -3.054 -1.516 2.539 -3.613 0.728 0.804 -0.195 -4.693 3.184 -0.090 1.967 -2.435 -1.314 2.669 2.910 1.000
0.997 -1.660 9.096 -13.665 2.975 -6.207 -5.879 -7.319 0.815 8.270 5.618 -0.478 -0.706 -2.365 -11.078 -3.019 -2.086 -1.342 4.364 -2.610 1.000
-2.638 -0.056 1.909 -21.888 -0.788 -1.963 -7.146 -7.796 4.143 -3.137 7.536 0.052 -0.982 2.020 0.062 -2.669 6.283 -6.114 4.787 1.286 1.000
-1.546 -0.347 -1.411 0.249 1.344 -3.463 -1.332 1.574 5.294 -1.277 -1.278 1.053 -0.445 4.195 -5.050 -3.380 1.444 -3.088 0.687 10.246 1.000
0.186 3.310 -0.970 5.279 -2.950 2.209 -0.910 3.344 -0.812 3.124 -1.617 2.792 -0.935 2.531 -4.007 -1.124 -1.244 0.071 1.660 10.732 1.000
1.070 -2.322 -0.467 1.923 1.800 1.732 1.406 0.862 -2.263 0.229 -3.530 -2.132 1.939 -2.854 -1.222 3.291 -1.536 -0.636 -3.322 0.369 0.000
-0.641 1.639 5.026 2.408 0.174 -1.472 -0.082 -1.469 -3.021 -3.553 2.556 -4.189 -1.065 2.867 -0.476 -1.588 2.675 1.853 -3.116 0.958 1.000
-0.993 2.437 -4.504 15.861 2.720 -1.851 4.690 0.373 0.928 -2.976 0.878 2.452 -6.867 5.466 -6.338 -1.678 -2.277 -1.299 4.118 1.108 0.000
1.188 -1.593 4.667 2.812 -0.356 2.487 -0.726 -0.061 1.223 -3.435 -1.610 0.162 -0.016 -1.274 0.299 0.738 -2.395 2.606 -0.121 -3.092 0.000
-6.430 3.714 5.955 -7.325 -4.624 0.485 2.931 1.795 3.490 1.046 4.026 -8.114 1.865 3.128 0.538 -1.002 2.730 3.793 -3.965 9.922 0.000
-0.080 -1.072 -1.504 4.378 -4.921 0.363 -0.950 2.916 -4.050 0.619 -5.693 -2.348 -1.995 -5.363 3.782 0.073 0.493 1.339 0.608 2.606 0.000
2.544 1.392 -0.739 -4.187 1.373 3.147 -4.420 1.824 1.826 0.514 0.475 3.580 -2.597 2.335 0.640 -2.666 2.809 -1.152 -0.369 11.476 0.000
1.843 0.237 1.738 -1.122 0.589 -0.552 -1.343 -0.969 1.574 0.511 0.851 0.716 -0.187 -2.521 -0.419 -0.082 -2.286 3.159 0.741 -4.688 1.000
-0.430 -0.202 -1.280 10.139 2.331 -4.144 3.755 4.540 0.040 -2.041 -0.636 1.071 -4.359 -2.385 -1.123 -5.161 1.377 -0.836 1.404 -2.220 1.000
-1.170 -0.004 5.123 10.080 2.864 -3.881 -0.504 1.577 0.093 -4.183 -3.881 -2.290 -1.301 0.873 -1.301 -1.408 -0.213 -0.665 -2.580 4.533 1.000
-1.383 -3.713 2.064 5.859 2.117 -2.730 -1.461 1.061 0.535 1.103 -0.684 -0.029 -4.556 -1.537 -3.904 3.052 -2.109 3.781 4.886 -3.938 1.000
-1.981 -1.486 4.173 -3.440 -2.919 3.560 1.107 0.965 2.779 1.267 -2.924 -5.883 0.256 -1.275 2.408 0.701 -2.375 2.235 -1.939 6.597 0.000
-3.269 -6.089 0.949 -0.019 3.849 -0.140 1.198 -2.062 4.783 0.295 1.712 3.277 -0.992 2.590 -2.063 2.218 -4.325 8.639 5.210 -19.156 1.000
0.709 -3.586 5.724 -2.208 3.964 -4.828 -1.544 -2.783 0.664 -0.610 4.322 -2.125 -0.024 3.410 -2.458 -1.224 -0.957 -4.039 -5.579 -0.324 1.000
-3.795 -2.967 -0.647 8.666 0.315 -1.129 -0.026 4.409 2.695 -0.595 -1.302 -0.367 -3.415 4.678 -2.472 0.528 -3.680 2.205 -1.018 4.433 0.000
1.151 -0.242 -0.364 -5.322 1.632 3.446 1.031 -1.749 -0.876 3.655 -3.587 -0.988 1.113 1.223 0.256 -0.106 3.460 -1.907 0.119 8.157 0.000
-0.556 3.572 -3.181 -18.245 2.969 1.288 -4.132 -3.792 2.758 5.132 -0.052 1.879 0.969 -1.039 3.290 -3.374 3.465 -5.392 0.357 8.489 0.000
0.428 5.981 4.983 12.070 2.302 -2.026 2.903 0.963 -1.787 -2.817 1.297 -2.249 -2.211 -0.840 1.821 0.867 -1.034 3.886 -4.622 -1.242 1.000
-3.356 0.886 6.358 -3.742 5.341 0.957 2.941 1.097 1.940 1.206 2.535 4.169 3.279 -4.214 -2.828 -1.373 0.345 8.746 2.110 -17.917 1.000
-0.166 -1.588 2.368 2.297 2.410 -2.347 1.898 2.296 4.023 -2.504 -3.796 -0.816 2.041 -1.139 -0.723 -3.285 -0.188 -3.170 -3.588 3.923 1.000
-0.514 2.869 6.102 -1.554 -3.107 -0.032 0.527 -1.774 -1.096 -2.836 1.234 -6.425 1.308 -1.138 -1.754 2.434 2.554 -2.286 -0.927 8.026 1.000
0.830 -6.472 3.364 13.477 6.495 -1.684 2.847 -0.332 -3.882 -0.159 0.131 5.018 -3.455 2.978 -1.013 -0.671 -2.187 4.485 3.648 -19.777 1.000
-4.340 -0.379 1.765 1.492 -2.284 4.285 -0.095 2.271 2.081 -0.856 -2.098 1.046 -2.040 2.065 0.379 -4.127 -3.188 5.486 1.370 -1.165 0.000
-2.444 -3.174 2.696 1.705 4.949 -2.965 -1.702 2.666 -1.139 1.959 -5.109 2.115 1.622 0.083 -5.704 -3.666 1.201 1.646 -4.153 1.073 0.000
-3.713 -4.570 4.320 2.026 3.388 -3.818 -1.667 -0.066 1.219 6.757 1.092 -1.375 -4.471 1.980 -7.875 1.062 -5.657 1.708 2.528 0.447 1.000
1.330 -0.965 1.657 2.015 6.169 -0.066 -1.552 2.434 2.569 -4.144 -3.526 -2.397 0.742 0.598 0.297 -2.904 -0.607 -2.015 -1.076 5.984 1.000
-1.858 1.366 2.377 1.754 0.424 2.767 1.677 1.257 1.586 -4.598 1.726 -0.344 1.664 1.660 0.483 4.906 0.568 -0.894 -4.237 2.668 0.000
1.343 0.239 -2.711 1.727 1.263 2.964 2.913 0.679 1.548 2.908 -3.445 -2.533 -2.636 2.543 1.882 -0.239 1.194 -0.991 3.845 10.370 0.000
1.320 -0.362 3.985 -6.151 1.617 1.484 -4.595 -1.272 0.241 -2.476 0.507 -2.372 2.347 -0.168 -7.233 -3.050 -1.543 1.711 0.463 2.036 0.000
1.081 -2.114 1.256 -1.493 -0.658 -1.202 -0.479 0.725 0.310 -2.318 4.044 0.739 0.179 3.920 2.660 -3.649 1.431 -1.941 -5.594 -0.468 1.000
1.515 -3.219 0.734 -5.092 0.908 0.453 -0.654 -0.694 -1.389 -0.551 -1.309 -2.421 3.308 -4.141 -5.131 1.442 -0.148 -0.695 -3.455 -0.697 0.000
-1.137 -5.793 2.781 8.567 8.058 -1.924 5.066 -2.747 1.309 5.093 0.999 2.350 -1.605 5.910 -7.303 5.111 -3.592 6.735 5.729 -14.197 1.000
0.347 -3.042 3.756 1.274 1.019 3.812 -1.478 1.195 1.268 -4.959 1.596 -0.787 1.272 0.427 -2.681 -0.540 -5.781 3.855 2.317 -8.420 0.000
-3.666 0.562 1.155 -4.926 -4.330 1.485 -3.237 3.059 2.978 -2.388 3.041 3.893 0.406 5.662 4.256 -2.546 3.868 -3.234 -0.495 7.344 1.000
2.882 2.656 -1.552 -1.410 3.640 3.826 1.755 -1.523 1.369 1.991 -1.027 1.126 -2.149 0.740 0.395 0.559 2.269 -1.526 3.290 6.872 0.000
1.985 0.372 2.442 0.742 0.894 -1.966 -1.046 2.490 3.330 -4.131 1.770 -3.667 0.102 2.200 0.368 -3.402 0.977 -3.449 0.393 8.672 1.000
1.713 1.190 4.265 -14.016 -2.395 1.542 -6.506 0.058 3.065 3.455 4.890 5.109 0.400 -0.270 1.902 -6.704 0.766 -1.121 0.496 2.964 1.000
3.571 -2.835 5.611 -1.832 -0.793 2.324 -2.739 -4.163 2.694 -2.499 -2.873 -1.313 0.789 -1.502 -1.617 0.666 -4.634 -0.034 -0.270 0.107 0.000
3.809 0.588 7.915 -9.505 0.896 -1.152 -2.356 -4.844 4.046 4.128 6.916 2.834 2.029 -1.980 -3.820 0.590 -2.308 3.416 4.502 -9.276 1.000
1.152 1.973 -1.241 9.827 3.200 -1.757 1.389 0.393 1.939 -1.061 -0.985 2.556 -2.614 3.170 -0.988 -1.365 -2.888 1.674 -2.904 0.537 1.000
0.214 -0.438 -0.892 -0.561 0.265 -2.314 -1.899 -4.006 4.149 -0.130 0.109 0.338 -0.398 1.397 -3.294 3.193 -4.136 2.015 -1.489 -1.170 1.000
0.210 -0.203 0.606 13.525 2.696 -7.399 2.990 3.124 -0.926 -3.796 2.120 2.185 -3.704 2.685 0.300 -7.995 1.053 2.140 -3.607 -8.135 1.000
3.521 1.575 0.510 3.679 4.782 -2.812 1.834 1.078 -0.405 6.528 -3.178 -2.007 -0.331 -3.940 -4.431 2.277 0.148 2.978 -1.337 5.731 1.000
2.515 0.414 2.039 -1.608 2.155 -1.308 -0.982 -1.013 1.138 2.555 1.482 1.189 -0.012 0.458 -2.148 0.887 1.094 -0.431 1.219 2.530 1.000
-0.943 3.648 4.277 -4.390 -6.629 0.597 2.340 -2.324 -0.340 0.178 4.638 -1.970 -0.242 2.179 -2.882 -3.285 3.479 -0.400 -2.924 6.125 1.000
0.588 8.528 -1.622 -11.330 -0.411 5.919 -4.235 0.857 1.210 4.442 0.092 2.455 2.083 -2.497 -3.281 -4.581 -2.914 -3.531 -2.858 15.065 1.000
2.279 3.632 -3.315 -2.796 -2.009 -0.477 -3.576 -2.675 2.050 2.083 -0.160 0.611 -2.883 -0.618 -2.876 3.268 1.217 -1.396 5.082 10.672 1.000
-3.414 2.167 -1.793 -2.673 2.610 1.296 2.501 -0.511 2.596 4.859 -1.215 1.339 0.199 0.634 3.546 0.516 -2.420 0.074 -1.954 0.024 0.000
0.445 -0.151 -3.888 -2.074 -3.809 -1.241 -1.864 -3.689 -2.097 -1.608 -2.014 5.144 1.083 4.134 1.058 -4.378 4.567 -1.390 -3.654 -0.672 0.000
-0.872 -0.931 -0.058 6.470 -2.336 2.742 0.630 1.593 -2.466 0.333 -5.405 -1.507 1.336 1.279 -1.131 -2.224 -4.463 3.687 0.880 -0.768 0.000
4.418 -1.753 5.912 4.928 -3.063 1.732 1.393 -3.400 -0.042 -0.905 -3.224 -9.204 -1.343 0.047 4.163 6.256 -1.663 1.820 0.382 6.812 0.000
-0.704 2.286 -5.208 -1.952 0.180 3.291 -3.704 -1.100 -0.195 -1.359 -2.058 5.770 -2.634 -0.820 1.725 -1.639 -0.526 -0.462 2.102 -0.791 1.000
-0.948 6.395 1.787 -10.024 -2.206 1.205 -3.973 -1.814 -0.399 1.767 0.488 0.500 2.782 -2.670 -2.694 -0.611 2.947 -2.791 2.009 8.969 1.000
-0.216 -3.919 -1.758 -3.570 2.111 -3.603 -0.495 -3.654 1.260 -3.552 1.036 -2.429 -1.558 -0.647 1.317 -0.155 1.710 2.769 -0.759 -9.448 1.000
-0.734 -2.790 -2.108 -1.478 -1.513 2.047 -3.787 -0.254 -1.426 0.221 -2.360 0.306 1.149 -0.599 -4.037 -1.046 -5.897 1.505 1.751 -3.585 0.000
-1.982 -0.438 -0.520 2.178 4.200 -0.263 3.009 -1.159 -0.215 2.434 -2.649 -2.657 3.654 1.982 -5.255 1.804 -4.028 2.266 -1.778 -2.396 1.000
-0.576 1.594 -2.213 3.513 3.596 -0.240 -0.827 1.354 0.721 0.696 1.300 3.894 -3.036 3.392 -0.347 -1.626 -1.174 -1.231 -1.636 2.650 0.000
0.600 -7.948 3.675 5.996 3.814 -2.251 -0.656 -1.796 0.861 -0.210 2.601 1.500 -4.205 3.410 0.997 2.203 -4.394 2.907 3.714 -14.093 1.000
-2.006 -5.126 2.991 -1.876 1.570 -1.461 -1.000 0.081 1.336 -0.846 2.092 -0.335 -1.057 0.161 0.853 0.714 0.023 3.800 3.446 -10.154 1.000
-2.239 0.070 -2.267 3.965 1.077 3.830 0.303 0.011 1.207 -1.114 -1.387 3.641 -1.363 -0.265 0.084 3.320 -4.391 5.239 3.831 -9.100 1.000
-2.218 0.553 -2.936 4.850 1.508 -1.389 3.870 1.726 0.060 1.283 -0.081 2.278 -1.853 2.661 1.485 -1.259 1.610 1.174 -4.501 -0.721 1.000
-3.031 3.858 -2.225 6.457 -0.809 -2.254 1.906 6.324 -1.685 -2.561 1.960 -1.584 4.708 -1.861 0.172 5.304 -0.899 -3.356 -3.328 2.012 0.000
-0.730 0.521 1.520 5.957 -4.374 -0.858 -2.962 -0.062 1.220 -2.409 -3.554 3.528 -0.574 -2.039 2.347 1.602 -3.718 -0.247 -0.250 -1.335 0.000
-3.098 0.400 2.770 -9.160 1.495 2.094 -3.033 -0.015 5.440 -2.001 0.114 -0.561 0.438 -1.266 1.184 3.997 1.966 -1.575 -1.473 7.691 0.000
-3.859 0.570 4.340 2.584 -2.080 0.153 5.023 1.960 -3.036 -0.926 -0.658 -1.048 -0.144 -2.160 -0.839 -3.603 4.178 -0.099 -1.155 -1.863 1.000
-2.557 -4.692 -1.332 -5.763 -2.968 -1.051 -3.015 -1.643 3.993 1.184 -4.707 -1.825 2.394 2.688 -0.459 0.003 -3.141 -7.361 0.806 9.153 1.000
-1.539 -0.657 -2.532 6.601 -0.355 1.713 -1.841 -0.389 -1.426 2.080 -1.299 3.302 -5.172 2.443 -1.971 4.415 -1.851 0.580 9.413 0.365 1.000
-3.029 2.639 3.123 1.974 5.166 0.737 4.369 3.339 0.896 -0.825 4.361 4.384 -2.476 -4.780 -0.794 -1.954 -0.063 -1.056 -1.423 -7.886 0.000
-0.407 -1.568 2.859 1.663 0.717 0.731 -1.145 -1.223 0.294 -2.697 0.936 1.221 0.913 -0.301 1.323 3.574 -2.054 2.537 3.109 -9.782 1.000
-2.327 1.003 1.750 1.139 -4.141 1.066 3.056 2.184 -1.211 4.537 -3.309 -5.190 2.507 -0.231 1.230 1.313 -0.852 2.226 -2.510 6.875 0.000
3.033 -0.794 -0.436 -1.587 1.227 1.319 2.412 -2.199 3.207 1.267 0.944 -4.782 -3.974 1.750 0.421 -0.031 0.118 0.212 2.571 6.454 0.000
-0.649 -0.849 5.822 -0.350 0.194 -1.371 -1.736 -0.200 -0.736 0.947 3.197 3.525 -0.799 0.894 -0.299 -0.686 1.557 0.287 1.407 -4.275 1.000
0.144 -0.850 -1.305 -5.762 4.818 0.370 -2.330 -0.392 1.013 2.483 1.605 0.285 -1.394 1.601 -3.991 -0.611 0.316 -1.994 0.681 5.218 0.000
0.621 -0.932 6.393 -8.966 5.820 -3.240 -1.435 -4.280 2.881 4.981 2.686 1.170 3.890 -1.088 -5.795 -1.760 -4.070 1.266 -5.575 -6.411 1.000
-0.478 0.870 3.966 7.176 5.737 -0.308 1.264 3.215 -0.415 -3.702 -1.514 0.236 -1.648 0.219 -0.022 -6.441 -0.032 1.612 -1.434 -2.078 1.000
0.138 -2.828 -0.271 11.568 2.227 2.009 2.662 1.662 -0.886 -0.929 -2.750 3.422 -0.481 -1.457 -0.998 2.019 -5.870 9.358 4.501 -18.008 1.000
-2.713 9.255 -4.053 1.070 2.202 0.753 -2.552 2.427 -4.622 -1.309 2.594 1.197 1.620 2.020 -3.751 -0.341 1.306 -2.046 -3.129 8.158 0.000
-2.921 2.793 -2.055 -3.673 -2.796 -1.245 -2.622 3.958 3.483 -3.548 0.134 1.901 3.828 -3.794 -4.998 0.843 1.388 0.710 0.440 2.831 0.000
-2.883 3.047 -1.953 -9.860 3.774 3.635 -0.445 -3.424 4.792 2.741 -0.975 4.910 -5.055 -3.029 2.690 -0.747 0.495 -4.365 -2.219 5.515 0.000
1.893 -3.510 5.075 4.387 -1.748 -4.991 3.563 1.332 -1.241 -1.565 -1.048 -5.457 1.700 -4.137 -1.062 2.192 4.124 -0.851 -0.549 -0.351 0.000
4.133 -3.869 2.687 4.348 -1.630 -2.361 -1.021 0.043 -0.109 0.724 2.001 0.326 -0.241 2.170 1.205 1.106 -1.813 1.897 -0.805 -3.721 1.000
-2.722 0.175 4.260 -0.298 1.422 2.021 2.115 0.333 -5.455 -2.442 -0.233 -2.257 -0.380 -2.954 -4.682 -2.448 4.121 0.067 0.788 -2.372 1.000
-0.408 0.574 -1.621 8.928 5.481 -2.054 3.269 0.405 -3.171 -3.097 0.654 -0.276 -1.274 0.836 5.081 -1.144 -1.196 2.405 -4.018 -11.837 1.000
1.008 0.615 -0.007 2.610 -0.112 5.296 -2.731 -2.755 -5.262 -1.745 -2.260 2.144 0.310 -1.099 -2.178 2.745 -4.674 -0.149 -1.075 -3.662 0.000
-0.662 2.781 1.415 1.902 4.562 -0.942 2.155 0.920 0.487 3.925 -1.625 2.400 1.298 1.670 -3.381 -0.915 1.714 0.497 -3.129 4.825 1.000
-2.042 1.327 2.836 7.613 3.649 0.922 4.399 -0.014 -2.255 -1.897 -4.527 -0.663 -0.502 -2.727 1.344 0.001 -0.602 1.812 -5.280 -4.201 1.000
1.500 -2.897 8.348 -1.344 -2.177 4.865 -2.589 -3.807 -3.645 -3.562 0.522 -5.099 0.609 -1.227 -0.682 2.343 -4.433 3.165 -0.331 -5.653 0.000
2.762 -1.786 -0.422 16.686 0.572 -0.061 -0.449 4.561 -1.622 1.373 -2.852 4.915 -4.334 3.926 2.250 5.755 -0.194 -0.659 2.404 6.119 1.000
3.578 0.436 2.025 2.623 -1.074 1.563 -3.732 -1.549 0.575 -1.842 -3.468 -1.209 -0.455 -0.836 -0.430 0.217 -3.554 0.701 2.787 3.793 0.000
0.004 2.514 -1.577 1.277 -1.783 0.291 -3.537 -3.418 1.064 0.457 -0.476 1.832 -1.219 1.497 -3.906 2.887 -5.054 -2.328 1.856 4.509 1.000
1.481 -5.931 -0.633 0.044 -1.759 -5.491 -0.436 2.498 2.710 -0.554 2.799 -6.524 -3.775 3.178 2.459 0.013 3.101 -0.271 -3.406 8.166 1.000
-4.349 0.655 3.450 -1.710 -1.611 4.593 1.142 -1.152 -4.675 3.393 -0.512 2.086 -0.071 2.019 -3.421 -1.342 1.199 1.154 2.123 -1.212 1.000
3.997 0.980 -2.860 3.198 1.655 -0.130 2.577 -1.098 5.763 -2.792 -0.734 -1.057 -4.307 2.567 0.275 -1.868 0.949 -2.070 -1.235 9.933 1.000
3.640 -0.406 -0.677 2.964 2.257 2.323 -3.604 -0.752 0.185 -3.602 -0.339 1.500 1.173 0.032 -3.494 1.932 -5.163 0.742 3.666 -3.641 0.000
0.950 0.413 4.194 -0.678 3.371 1.757 0.554 1.444 1.004 5.668 -0.174 3.910 3.563 1.960 -3.013 -2.106 -2.445 3.281 -0.093 -1.967 1.000
-1.181 1.082 0.914 -3.768 -1.142 1.200 -3.721 -1.826 2.255 -0.517 1.875 4.194 -1.207 1.885 1.489 1.055 0.080 -0.904 2.992 0.130 1.000
-5.647 3.640 2.556 3.874 -3.410 -0.725 2.369 5.365 -3.432 -1.679 0.403 -1.280 0.042 -1.479 -0.253 -2.449 5.435 2.674 -0.116 1.591 0.000
-1.313 0.951 4.730 2.889 -2.339 -3.462 -0.792 0.390 3.823 -0.334 -0.089 -1.118 0.544 4.210 -0.814 -1.935 -1.445 -1.289 -3.316 8.191 1.000
-1.325 -2.401 2.933 5.531 -3.552 -1.379 3.643 -3.789 0.383 -4.429 -2.617 -3.719 1.093 1.966 1.534 1.638 -1.480 -1.043 -3.032 -3.303 0.000
1.653 4.358 0.351 0.702 -2.741 4.586 -0.059 0.854 -2.461 1.441 -0.835 5.602 3.234 -2.185 -0.098 -1.319 -0.491 3.689 4.181 -5.760 1.000
1.960 1.151 3.299 -10.816 -0.617 -2.893 -4.277 -0.397 2.815 -2.128 3.052 -1.686 2.524 -1.982 0.369 -5.929 1.890 -2.368 -6.631 5.035 1.000
-3.350 1.343 1.528 0.323 -3.453 3.857 -1.409 -0.407 -3.669 -1.172 0.676 -1.632 0.168 1.412 0.620 1.514 -2.028 5.449 -0.836 -3.672 1.000
-0.999 2.520 -4.121 1.665 -1.364 -3.578 -0.884 4.549 3.902 0.071 -1.291 0.454 3.530 -1.077 -1.650 -0.628 -2.697 -3.534 -0.184 6.735 0.000
-2.620 -2.285 3.601 -13.157 -0.375 5.661 -2.384 -1.414 2.733 1.662 -5.985 -1.706 3.007 1.313 -8.833 -0.346 4.932 -4.610 2.535 19.117 1.000
-3.042 7.745 -0.270 10.118 -0.737 -1.017 3.309 -1.524 -2.093 1.140 2.199 -0.081 -4.686 1.937 -0.324 5.013 -0.691 4.544 -4.726 2.100 1.000
2.467 -0.761 4.120 -0.010 2.097 -1.511 2.840 2.780 2.479 3.796 2.708 -0.343 2.959 1.674 -0.731 -1.162 -0.067 2.351 -4.217 0.792 1.000
-0.808 4.513 0.374 -16.318 1.407 4.896 -2.321 -3.978 3.247 2.648 -0.944 5.325 1.963 -3.514 9.052 -0.991 3.009 -2.579 -4.468 1.617 0.000
-2.115 0.669 0.374 1.824 1.553 -2.169 -0.521 0.597 -3.243 -1.087 0.700 -2.588 0.478 -0.302 0.069 0.544 0.337 -0.294 -0.614 -2.120 1.000
-1.446 4.162 -3.404 -1.435 4.457 0.215 -7.006 0.563 0.983 -0.299 -1.223 6.362 1.877 1.381 -5.496 -0.887 -4.027 -1.450 -0.585 3.406 0.000
2.794 -0.519 -1.253 6.243 0.494 0.173 0.982 3.073 -0.186 1.370 -2.077 -2.584 -1.198 -2.621 -0.240 1.274 -3.285 4.514 -0.321 0.590 1.000
-0.605 -1.081 0.447 -0.616 0.257 1.272 -2.225 -2.217 -0.463 -1.306 0.237 3.170 -0.576 -3.847 1.270 8.622 -1.872 -1.680 -2.996 -4.384 0.000
3.376 2.274 -5.312 -5.811 -0.888 1.673 -1.529 -3.753 -0.388 1.492 -0.782 4.033 0.849 3.341 -0.353 -1.331 4.204 -5.092 0.089 8.227 0.000
-1.560 0.899 0.851 4.809 -5.008 -3.274 5.013 -2.009 -1.252 0.176 3.179 -2.184 -2.020 2.868 1.205 3.284 4.036 -0.509 -1.327 0.687 1.000
-4.938 3.370 0.997 -2.338 -0.517 2.692 -4.170 1.653 -6.059 -2.216 2.214 1.620 0.471 -0.851 -1.682 -0.966 0.788 3.937 -2.768 -4.334 0.000
0.409 -0.894 1.680 1.505 -0.612 -0.592 4.689 -4.879 -1.452 2.741 -2.894 -2.649 -1.129 1.005 3.223 -2.920 -0.632 0.677 -3.633 -3.145 0.000
-1.524 7.019 1.898 1.060 4.109 -1.838 -4.066 3.114 -0.255 -2.763 3.020 -0.337 1.468 -0.380 1.355 2.081 -0.573 -4.974 -5.189 9.163 0.000
-6.363 -3.617 0.578 -0.390 -1.909 -5.330 3.320 -2.749 0.134 1.326 -2.385 -1.902 0.863 -0.673 -0.799 -2.842 -2.197 -1.555 -3.233 -8.237 0.000
-0.468 2.745 -0.266 3.286 -0.038 3.235 4.305 -3.665 -0.969 -0.811 -0.072 0.287 0.888 5.334 0.908 2.280 -0.477 0.281 -6.966 1.325 0.000
-2.329 -0.027 3.357 -4.220 -1.589 -0.646 -3.464 1.306 3.922 -1.113 -1.341 -3.846 1.315 1.161 -2.895 -3.713 -1.608 2.896 1.238 6.285 0.000
0.650 0.389 -0.282 8.780 -1.724 -1.112 3.864 1.080 -6.487 -0.966 -1.380 -2.074 3.106 -0.747 -1.462 2.774 1.077 0.843 -3.024 -3.866 0.000
1.305 2.467 4.349 8.064 5.194 0.496 2.418 2.534 -2.840 4.411 0.396 7.608 -1.176 -0.622 -3.071 -2.666 0.252 2.383 1.191 -5.692 1.000
0.923 5.643 -2.113 -6.771 1.196 2.866 -3.205 -2.539 2.255 3.369 0.564 0.952 -0.797 0.117 -4.587 -0.655 -3.094 -3.487 1.595 11.546 1.000
-1.569 2.800 2.150 5.632 3.153 -0.024 0.552 2.867 1.986 -1.991 0.980 -0.274 -1.357 1.530 -0.290 1.119 -1.150 -1.264 0.403 4.970 0.000
-0.643 5.310 -2.498 3.461 0.240 -1.248 -0.169 3.032 1.379 0.939 2.835 0.279 -2.565 0.799 -1.776 -0.197 -0.752 -0.267 0.426 7.638 1.000
-1.817 0.066 -1.472 0.884 -4.751 -1.106 3.424 -0.361 -1.297 1.571 2.004 1.083 -4.144 -0.928 -1.447 -5.496 1.083 -2.317 3.782 -2.376 1.000
0.109 1.168 2.690 2.268 1.900 -0.408 2.961 -2.356 -0.396 -3.416 -0.802 -0.791 -2.116 -1.942 1.922 -3.626 1.218 -5.399 1.435 -1.498 0.000
3.641 -9.518 -0.053 12.840 2.749 -4.820 1.008 -0.471 -0.748 0.945 2.156 1.157 -7.605 6.233 0.262 3.729 -0.080 2.160 3.935 -7.101 1.000
1.382 1.539 -0.556 17.799 -2.471 -0.631 3.241 1.607 0.731 -5.272 -4.261 -2.979 -1.170 7.028 3.971 1.670 -0.866 0.931 3.225 5.973 0.000
0.656 3.988 -3.516 4.980 -0.118 2.572 0.915 -1.385 1.988 -2.981 -0.127 3.718 -3.980 5.093 -1.834 0.675 2.056 -1.358 -0.481 9.108 0.000
-4.881 -1.048 -4.934 3.524 -2.243 3.252 2.868 7.909 -6.616 -2.469 4.477 -0.596 6.826 -2.667 -2.119 5.308 -3.456 5.196 -0.641 -16.676 0.000
-1.341 -4.650 3.962 -4.151 1.505 -4.133 -2.400 -4.197 3.443 -0.856 1.770 -2.060 0.573 1.740 -0.816 4.979 0.397 1.597 3.352 -5.887 1.000
2.390 1.009 1.441 -3.606 1.928 -0.983 -0.864 0.434 8.774 -1.807 -1.643 -4.048 1.521 5.565 -0.100 2.272 4.020 -2.666 -4.647 22.228 1.000
-0.112 2.236 6.070 6.865 0.126 -0.292 -2.350 1.560 -1.586 -4.973 0.068 -2.109 -2.905 -0.759 2.625 1.118 1.769 2.496 1.732 1.783 0.000
2.639 -1.307 -0.577 10.390 0.246 -1.824 0.488 0.702 1.029 -1.481 -3.518 -2.747 -3.902 2.678 -0.537 0.725 -1.122 -4.792 4.617 10.502 0.000
-1.915 -0.802 5.232 -3.049 1.021 3.258 0.966 -1.552 -1.966 -6.561 -1.361 -8.497 0.514 0.789 1.215 1.191 4.455 -2.261 -3.201 7.421 1.000
3.030 -0.703 -1.452 -5.081 4.906 5.329 0.099 -0.514 2.252 5.512 -1.418 -0.681 -2.787 1.625 0.204 2.304 0.833 1.733 1.604 9.546 0.000
1.418 1.189 5.264 4.813 -0.039 0.238 -0.983 0.964 -2.031 -1.047 -3.597 -2.103 1.270 -4.535 3.638 5.586 0.035 0.403 -3.505 3.047 0.000
1.277 4.433 0.713 11.537 -0.599 -3.287 8.563 1.466 -0.505 -4.545 3.977 -2.107 -6.215 -0.879 3.019 -2.845 5.937 1.475 -2.680 -1.059 1.000
1.380 2.951 5.204 3.958 1.803 -5.044 -3.381 2.474 2.791 1.462 2.475 3.107 0.708 5.977 -6.673 -5.460 0.620 3.741 -2.197 6.935 1.000
7.720 3.747 3.359 -10.421 -0.607 2.207 -0.907 -5.304 5.408 3.486 6.563 6.550 4.302 -1.230 2.182 1.116 -0.721 4.972 3.143 -10.436 1.000
-3.199 0.750 1.768 -3.059 -4.432 -0.201 0.867 -0.222 3.966 2.504 -3.541 -4.667 -1.658 -0.064 -0.238 0.889 2.171 1.561 1.082 12.481 0.000
-4.041 0.290 2.831 -10.351 3.031 4.220 1.146 2.072 4.114 1.094 1.922 -0.573 1.894 -3.386 1.809 2.961 0.747 1.391 -2.104 -0.130 0.000
-0.462 2.555 0.606 -3.822 -2.674 -0.187 -3.460 -0.354 1.706 1.984 0.858 1.670 0.133 0.042 -1.604 1.542 0.282 -1.057 1.532 6.953 1.000
1.901 -0.333 0.940 9.679 2.168 -1.059 2.634 1.141 -3.884 2.700 -2.820 1.721 0.469 1.315 -2.082 -0.596 -0.103 1.800 0.735 -2.680 1.000
-0.438 4.428 2.085 4.566 -1.723 -2.680 1.157 0.651 -2.394 -1.727 4.767 0.011 -2.519 1.151 -1.284 -5.998 1.421 1.088 1.556 -2.652 1.000
-2.593 -1.994 -4.131 1.123 -0.156 3.932 0.862 2.174 -5.083 0.896 -2.455 0.194 2.486 0.309 -5.644 -1.291 -2.564 5.054 -0.398 -6.512 0.000
-0.221 1.576 4.772 2.957 -0.764 -0.592 -0.612 1.390 -2.767 -2.729 0.448 -3.064 1.682 -2.324 0.240 1.495 -0.216 -1.289 -2.940 1.576 0.000
-2.684 -0.704 0.387 4.033 0.566 -1.927 1.225 -0.924 2.689 -0.378 -0.099 0.223 -2.601 1.992 -3.957 1.665 -2.487 -1.597 -1.745 2.819 0.000
1.165 3.005 -3.271 6.933 0.373 0.822 3.089 -2.316 -2.806 -0.506 -1.988 5.869 -5.027 0.993 -0.114 -3.334 3.459 -0.378 -2.306 -0.353 0.000
2.961 2.710 4.442 -1.614 3.407 0.797 -1.946 -5.722 -0.168 5.452 1.633 5.553 1.558 -3.199 -6.835 2.033 -7.606 2.673 1.841 -10.430 1.000
-3.727 -3.092 0.483 8.082 3.145 -2.004 3.755 3.044 3.520 -0.094 -1.653 -2.451 -0.429 4.492 -2.851 5.643 0.141 3.850 0.720 2.027 1.000
0.294 -1.012 -2.291 4.363 1.956 -1.218 0.819 0.352 4.573 -0.616 -4.522 -0.844 -3.045 0.116 0.232 0.336 -2.091 -3.744 0.064 8.540 1.000
0.449 1.293 0.792 8.798 3.175 -4.694 1.114 3.842 6.072 -3.960 -1.376 -0.612 -2.567 3.491 2.680 -4.939 -0.115 -1.239 -4.043 8.241 1.000
5.849 -0.533 -6.598 7.642 -2.934 -1.660 0.724 -1.539 2.391 -2.320 -0.904 -1.490 -1.565 2.672 1.288 5.769 -1.176 1.818 -1.237 4.013 1.000
-0.154 0.127 1.009 4.714 -2.174 -0.108 4.213 0.397 0.282 -3.682 1.672 -1.297 -4.356 0.655 0.561 -5.935 1.233 -2.017 1.273 -0.326 1.000
-1.160 2.672 5.275 1.048 -1.079 -0.876 -0.343 0.961 0.104 -3.267 -0.322 -3.190 -0.231 -0.824 -3.821 -2.988 2.444 -2.546 1.837 8.284 1.000
-1.015 1.050 2.176 2.474 0.343 1.043 2.687 -2.035 -0.960 -2.560 -0.328 -2.648 -0.378 1.101 3.394 -0.669 -1.277 0.065 -5.910 -1.642 1.000
-0.859 0.683 -1.181 -0.512 0.488 -3.164 -0.912 5.041 -0.971 -0.721 -0.354 -0.401 3.858 -5.835 -0.337 2.919 2.427 0.599 -4.065 -0.248 0.000
-1.720 0.340 2.890 15.061 -3.153 -1.645 7.133 -1.629 -2.564 -7.499 -3.078 -2.831 -1.460 2.539 3.036 -2.302 0.640 -1.476 -2.355 -4.698 0.000
-1.618 2.859 2.865 7.182 -2.409 -4.329 0.148 1.951 -1.588 -2.674 3.653 -0.998 -3.328 1.000 0.794 -7.493 -1.973 -0.127 -1.763 -2.304 1.000
-4.695 3.381 -0.452 9.944 4.863 -0.844 0.613 3.324 -4.101 -1.687 -3.284 1.368 -3.916 -2.714 -2.028 -3.371 -1.073 1.478 0.506 -2.948 1.000
-3.754 2.714 0.295 -0.825 -2.434 -1.951 -0.494 3.537 0.266 -2.366 1.634 1.264 0.578 -3.912 0.646 1.930 3.939 0.998 -2.787 0.291 0.000
1.395 1.516 1.735 4.375 -2.396 -0.467 -2.562 -2.460 1.022 3.878 -11.542 -3.372 -3.073 -0.712 3.888 0.977 -0.336 -0.220 -1.284 17.912 0.000
2.544 1.024 -0.623 9.837 1.520 0.811 6.925 -2.794 -1.664 3.498 -4.556 0.933 -6.898 -0.593 4.260 -4.350 -0.168 0.797 0.382 -1.744 0.000
-2.515 0.760 -3.659 6.255 -0.850 2.312 5.739 5.534 -3.744 1.051 -0.861 0.506 4.451 -0.917 -3.077 1.704 -1.197 0.816 -1.310 -3.717 0.000
-3.781 0.480 0.392 -1.586 0.259 2.861 0.711 4.270 3.030 3.646 -3.519 -3.659 3.280 3.522 2.674 2.698 -1.296 -0.928 -0.459 12.992 0.000
-4.349 -1.143 -3.304 3.259 -2.089 -1.616 3.901 1.588 -0.791 2.642 -1.579 2.300 -0.908 1.507 2.595 -0.936 1.992 -2.697 2.402 -1.905 1.000
1.498 0.984 -0.266 -3.483 3.721 2.425 -4.395 1.595 0.961 2.399 -0.470 1.148 -2.829 2.589 2.428 -1.030 1.224 -0.542 -2.481 11.779 0.000
-1.028 -0.206 -1.163 -1.779 -3.169 -2.959 1.321 -6.353 -2.675 1.798 -3.633 0.792 2.303 1.122 -1.385 -1.034 1.277 -5.041 -4.849 0.494 0.000
1.537 -0.292 0.393 -0.505 -0.290 2.279 -1.753 1.636 0.340 -1.293 -0.919 -0.255 0.243 2.681 2.673 0.023 2.357 0.496 -1.417 6.751 0.000
-5.023 0.464 0.509 -4.861 0.119 1.040 3.987 -0.080 3.746 1.810 -1.995 -1.952 2.764 -1.366 2.318 1.369 -0.076 -0.348 1.258 -0.891 0.000
0.497 0.452 -0.196 -0.057 3.484 3.260 1.318 0.374 0.979 0.116 0.622 2.578 -4.539 1.539 -2.138 -3.817 1.404 -1.348 0.670 4.361 0.000
-1.068 -3.835 2.351 -5.850 -0.850 3.316 0.653 0.893 -1.098 2.038 -4.738 -4.397 0.091 -3.684 -3.873 -3.130 1.378 3.460 -0.564 3.531 0.000
-1.859 -3.784 -3.938 -0.946 1.037 -1.759 -1.502 -0.927 2.050 -2.629 1.242 0.030 -4.380 5.871 1.685 0.359 3.552 -2.321 0.922 3.667 1.000
1.400 -2.719 0.916 -6.598 2.695 -0.737 -4.049 0.947 5.876 -2.271 -4.198 -4.960 0.842 2.251 -3.474 -0.329 3.734 -5.646 0.461 21.072 1.000
-1.508 -1.675 0.570 2.205 -7.106 2.183 1.057 -0.407 -1.844 0.041 -2.345 -4.724 0.386 -1.283 3.077 4.162 -2.765 3.052 0.248 -1.124 0.000
-3.654 -1.300 -0.263 2.208 3.541 2.134 3.382 2.861 1.575 -1.607 -7.662 -2.208 -1.972 -1.851 1.293 -0.067 4.033 -2.885 -1.286 10.124 1.000
0.749 -0.690 0.978 4.362 0.531 -2.489 -1.047 -0.782 -0.794 -1.788 -1.509 -1.413 1.753 0.131 -2.261 1.806 -2.872 -2.826 -1.850 0.888 0.000
3.358 2.313 4.431 -9.223 2.874 -0.895 -3.025 -3.368 2.699 5.661 3.597 2.039 1.738 -1.978 -4.820 -2.068 -3.570 -0.234 -2.008 0.720 1.000
-7.003 6.494 0.873 -9.597 -2.001 1.810 -3.141 0.713 0.200 2.445 -0.452 -0.060 -0.834 -0.987 -1.001 -1.175 3.720 -0.346 -5.604 14.037 0.000
-4.734 3.730 -1.913 -0.721 -1.171 -0.059 -0.146 6.551 -0.654 -0.651 1.520 -2.784 2.410 -1.161 -1.851 0.381 2.043 3.019 1.290 4.084 0.000
0.757 2.507 -4.005 -11.846 6.320 3.359 -2.416 -1.681 0.584 5.512 0.607 8.204 -4.209 -3.939 1.233 -3.727 3.738 -1.472 -0.572 0.637 0.000
-0.169 0.472 4.799 5.528 -1.204 -2.263 1.904 1.407 3.035 -4.747 -0.705 -2.676 -1.377 2.798 1.128 -5.186 1.624 -1.702 -1.600 6.403 1.000
-0.964 0.636 4.344 -1.705 -3.389 1.153 -3.476 1.249 0.286 -3.235 1.479 3.894 1.504 -4.929 1.190 -2.117 -2.283 4.092 3.100 -11.907 1.000
3.917 1.114 -1.455 -3.326 4.689 2.760 3.363 -2.116 -0.888 2.543 -0.076 -1.712 -2.868 -1.664 -0.289 -4.923 1.749 -4.290 6.442 2.583 0.000
-0.587 2.485 -0.328 2.177 2.217 -1.150 1.658 -3.669 -0.315 0.661 -1.180 1.274 -2.948 0.208 0.730 -1.281 -0.398 -3.545 -2.329 1.286 0.000
-2.466 -0.715 0.660 13.172 3.235 -3.519 2.208 2.432 -3.616 0.181 -1.084 3.240 -4.194 0.562 -0.579 -4.453 -2.992 3.668 -4.167 -9.757 1.000
0.228 -3.470 -3.539 8.369 2.805 -0.533 0.797 -1.374 -2.112 -2.161 -1.961 2.612 -4.368 3.297 0.840 0.376 0.511 1.654 3.297 -7.356 1.000
-0.407 0.812 -2.626 -3.038 -0.880 0.474 -2.771 -1.718 4.327 1.437 2.022 2.353 -3.105 2.587 -0.832 3.949 -0.561 0.663 2.922 4.879 1.000
-2.308 1.104 -3.790 -8.669 -4.248 1.840 0.470 -2.450 0.795 0.348 -2.549 0.509 2.706 3.285 1.491 -1.899 5.739 -2.260 -2.253 7.698 0.000
-0.881 0.979 -3.210 1.719 0.878 -2.938 -0.411 2.034 -1.413 0.198 2.298 -1.380 -3.104 -0.653 0.721 -2.067 0.589 -2.041 2.935 0.596 1.000
-2.453 -2.394 0.322 1.293 -1.630 1.538 -0.634 1.702 -3.243 -2.473 -1.082 2.545 2.291 -2.238 -4.509 -2.099 -2.307 1.487 -0.486 -9.164 0.000
1.378 2.426 -0.187 6.480 4.409 -2.019 0.727 1.114 -0.417 -1.187 1.143 -0.045 -2.013 1.436 0.079 -1.235 -0.322 2.818 -3.312 -0.639 1.000
1.539 1.554 -1.150 11.556 2.394 -2.578 6.063 2.049 -0.758 -1.667 1.750 1.938 -5.387 0.169 0.221 -3.887 2.790 2.704 0.359 -5.372 1.000
1.396 -1.294 -3.915 -4.483 1.337 -2.383 -3.795 1.443 -2.808 6.644 -2.143 -0.087 2.321 4.882 -2.240 -3.050 3.664 -1.699 0.418 10.753 0.000
-1.592 0.189 -1.712 3.933 -3.907 0.632 -4.715 -2.487 -1.354 -3.551 -0.316 4.637 -2.626 3.986 0.973 0.052 -2.769 -3.629 2.360 -0.505 1.000
-0.838 -0.302 -0.822 -5.147 0.262 3.565 -0.740 0.153 0.523 0.135 -0.307 1.972 1.000 2.594 0.471 -1.308 2.096 1.185 -2.617 2.521 0.000
1.392 -0.675 1.488 2.674 -2.519 -0.652 4.631 -3.665 1.631 0.234 -1.498 -1.557 0.378 1.137 1.920 2.974 0.741 -1.533 -1.997 1.096 1.000
-2.537 2.527 -1.307 -2.792 -4.580 3.487 2.141 0.483 -0.528 4.052 1.952 4.028 -2.701 0.680 -5.452 -5.312 0.009 -1.113 2.377 3.608 1.000
-1.013 4.035 1.294 4.811 0.447 1.866 0.343 -0.528 -4.773 -1.443 2.207 2.602 -1.432 0.354 2.123 2.611 0.471 -0.528 -4.519 -1.998 0.000
1.583 2.494 -1.553 0.723 -4.797 -0.783 2.136 -1.619 1.734 -3.504 6.219 -3.621 -7.111 3.130 1.088 -5.040 2.234 -2.938 2.922 6.581 1.000
2.986 -2.034 -3.439 3.702 -1.309 1.323 1.969 -2.343 -2.993 2.795 -5.097 -1.485 -1.869 7.479 0.799 -5.709 2.546 0.333 0.459 7.379 0.000
-0.845 2.548 -5.238 7.541 1.276 0.670 3.254 0.455 -0.793 0.768 -4.019 1.751 -6.301 2.649 -0.428 -5.163 2.192 -2.918 3.486 8.083 0.000
-1.446 -1.451 5.927 -7.947 -2.253 2.231 0.402 -3.514 -0.193 2.977 -2.889 -2.638 4.585 2.041 -0.319 1.412 2.674 0.061 -4.092 5.726 1.000
-1.783 0.861 -0.443 1.174 -0.083 0.933 2.769 0.734 2.617 0.665 -1.907 -0.382 -0.346 0.041 1.305 2.998 1.815 2.455 0.725 2.369 0.000
-0.412 -0.044 3.021 0.657 -2.276 0.778 -2.438 -0.643 -0.444 -0.640 0.928 3.697 0.745 2.473 0.645 1.475 1.099 -0.149 3.884 -1.694 1.000
-1.097 0.783 -5.412 6.728 -0.519 2.735 1.799 0.743 -3.096 -0.855 -2.395 1.399 -1.931 0.996 1.045 1.662 -1.102 1.135 0.873 -1.984 1.000
-3.733 3.239 -1.012 -3.429 -2.074 0.254 -0.227 3.082 -3.356 2.273 -2.636 -3.909 2.040 -2.874 -0.999 0.970 4.521 3.315 -3.916 8.093 0.000
-3.945 3.740 1.985 10.176 6.370 -1.437 1.738 2.923 -3.930 -0.798 -3.149 2.174 -2.067 -0.872 -2.784 -2.044 1.498 4.780 -4.936 -2.424 1.000
-1.368 0.566 0.918 2.556 1.470 -4.652 -3.662 2.372 4.362 -0.662 -1.950 -3.149 2.228 3.525 0.018 4.346 -0.727 -4.019 0.718 13.372 1.000
-5.435 1.873 3.055 7.358 -2.098 -2.838 2.739 0.476 -1.583 0.744 -4.667 -0.482 0.136 -1.040 -0.648 3.138 2.037 -2.311 0.424 3.904 1.000
-1.438 2.756 -3.895 -5.803 0.572 3.608 2.431 -4.530 1.142 0.052 -1.536 2.995 -1.158 1.879 -0.071 -2.238 3.755 -1.377 0.099 2.017 0.000
2.075 -0.095 2.170 4.378 -0.218 0.342 -3.208 -0.168 -1.195 -2.325 -3.527 -0.354 -0.491 -3.309 2.110 3.506 -2.119 -0.591 -1.326 1.775 0.000
-0.864 0.143 -1.365 1.492 -0.275 1.162 -0.588 2.608 1.804 -1.944 -0.436 1.068 -1.825 2.083 -1.045 -0.017 2.125 -1.529 0.522 7.989 0.000
-1.939 5.868 -3.806 -0.565 -2.659 -0.936 -6.464 -1.512 -0.008 -0.198 -2.911 1.463 -2.472 1.078 -2.444 -1.659 -0.943 -3.402 1.949 13.102 0.000
-1.992 2.941 -0.817 -1.564 -1.514 0.254 -3.256 1.448 -2.359 1.012 -4.600 0.333 -0.646 -5.313 2.673 2.260 2.420 -0.318 -5.072 7.846 0.000
-2.896 0.115 -2.266 7.706 4.431 -1.144 2.438 2.912 -2.969 -4.037 -0.968 -1.013 -3.691 -1.490 3.399 -4.254 -0.292 -0.901 0.455 -6.655 1.000
-4.427 2.089 -2.231 3.916 3.109 4.430 4.590 3.302 2.242 1.030 -7.262 0.829 -0.972 -4.708 0.540 2.052 -2.631 -1.897 -2.575 5.809 1.000
-3.108 -0.985 -2.210 -4.921 -2.048 -5.682 -6.414 -0.004 0.731 2.328 -0.566 0.424 3.513 5.324 1.131 -1.740 -1.000 -2.924 -5.255 6.159 0.000
-0.207 3.602 1.104 5.771 1.697 0.685 -2.641 1.223 -0.047 0.064 -3.702 0.418 -1.370 1.298 2.998 0.366 -2.136 0.314 -1.409 7.506 0.000
-0.554 0.614 0.533 -10.214 -2.186 3.374 -3.134 -2.742 2.839 0.645 0.952 -3.251 2.778 3.098 -1.815 1.529 -2.381 -4.433 -0.265 11.029 1.000
2.771 0.582 0.949 6.853 4.518 1.599 -0.614 2.409 -3.012 5.100 -2.413 2.532 -3.287 -3.547 -1.449 2.076 -2.553 1.893 3.157 0.368 1.000
2.290 0.348 -2.189 0.329 -2.209 1.535 -1.823 1.829 0.562 1.072 0.069 -0.212 -0.707 1.089 0.925 -0.211 -2.059 -1.067 -1.118 7.233 1.000
-1.269 2.221 -2.443 -0.087 3.276 1.734 2.273 -0.110 -0.568 3.607 -0.697 3.154 -0.231 1.111 -0.684 -0.416 0.377 0.686 -0.927 -0.304 0.000
0.669 -4.579 4.096 -4.614 7.151 -4.425 -2.715 -2.902 2.106 7.163 1.049 -0.542 -2.877 0.388 -4.523 1.776 -1.250 0.415 1.115 0.454 1.000
1.116 2.642 2.368 -4.335 -0.828 0.353 -3.842 -1.908 -0.412 3.425 1.035 1.233 0.917 -2.263 -3.521 -0.224 -4.061 -1.940 0.022 2.937 1.000
1.473 4.226 0.970 0.481 3.836 4.016 0.711 -1.673 1.123 -5.477 0.938 -3.682 -1.416 2.171 -0.168 0.029 0.284 0.039 -2.329 6.747 1.000
-2.372 -3.617 -0.606 -0.588 1.140 0.554 0.621 2.985 4.263 -1.387 -7.479 -2.910 0.955 -1.404 1.935 -0.503 -0.532 -6.351 -1.308 11.235 1.000
2.017 7.192 1.926 2.536 2.134 0.372 0.296 -0.492 -3.401 1.896 5.915 1.018 -2.910 1.284 -3.404 -2.262 1.466 6.825 -1.295 -1.149 1.000
1.822 4.905 3.256 -5.553 1.747 1.649 -9.310 -4.928 1.178 -0.548 -2.055 0.983 -3.024 -0.401 -0.326 1.380 -0.709 -0.634 -1.088 12.247 0.000
2.874 1.105 -6.664 -16.974 2.451 0.891 -2.492 -6.535 0.314 10.146 -1.857 -0.818 -1.538 4.032 -0.317 -7.853 3.385 -5.476 2.089 14.084 0.000
1.928 1.853 -1.808 -1.921 0.881 1.806 -2.577 -1.955 0.859 4.153 -7.746 1.172 -0.668 -2.023 -2.170 0.728 -0.099 -1.396 -1.154 13.060 0.000
-0.429 1.860 -2.968 -4.754 1.320 2.246 -1.740 -1.136 2.372 3.450 -3.575 5.011 -2.035 -1.024 -0.856 1.812 3.194 -1.648 0.620 9.044 1.000
-2.601 1.633 5.432 8.680 -0.174 -2.534 1.982 0.560 -2.704 -2.998 -0.450 -3.778 -1.788 0.098 3.550 -0.533 -0.354 0.420 -4.443 -0.952 1.000
3.320 -4.190 2.659 -0.086 1.700 -3.231 2.305 0.273 4.373 -2.728 -0.582 0.545 1.939 4.655 0.632 -8.002 3.520 -1.144 -3.593 0.533 1.000
2.984 -3.817 1.104 15.375 3.370 -2.347 1.256 0.852 -0.241 3.826 -0.249 3.800 -5.937 5.439 -4.191 1.888 -4.642 1.587 1.167 -0.324 1.000
-1.554 2.978 0.524 2.802 3.354 2.765 -1.363 0.774 3.327 0.087 -4.265 -0.295 -1.225 2.890 -3.068 3.161 -1.420 -0.474 -1.739 14.878 1.000
-4.265 -0.298 -2.068 2.825 -5.867 4.462 4.413 3.290 -2.995 1.845 -2.104 -2.850 2.005 0.339 0.023 0.831 -2.112 5.589 -0.882 -2.352 0.000
-0.538 2.677 2.860 -7.749 -2.256 0.067 -4.020 1.794 2.619 1.281 1.783 -0.068 0.835 -1.387 0.693 -0.541 2.022 -1.942 -0.933 10.343 1.000
1.501 1.037 2.075 0.065 -1.941 2.723 -3.237 -5.332 -2.939 -1.662 -2.897 1.064 -4.041 -3.545 1.551 6.811 2.649 1.237 -1.044 2.197 0.000
0.252 -2.879 1.240 -4.910 -5.597 -2.100 -3.475 -1.133 3.231 -1.455 4.590 -1.093 -1.922 0.316 3.482 3.714 1.856 1.615 5.139 -2.165 1.000
1.664 -0.974 -4.119 6.280 0.869 2.296 2.101 1.089 0.906 -0.734 0.270 4.784 -2.767 5.734 3.182 1.861 3.410 1.817 5.651 -1.422 1.000
5.162 -7.092 0.231 12.830 2.341 -8.064 1.319 -4.145 -1.806 -2.887 -0.265 -5.292 -2.927 5.291 -4.049 3.802 -0.295 -0.021 0.429 -3.098 1.000
-1.134 0.670 -0.672 6.985 2.154 -1.163 4.143 0.215 2.556 -1.550 -1.194 -2.566 -5.377 0.383 0.338 -3.312 -1.553 -3.041 5.725 2.221 0.000
2.339 1.102 -0.001 1.713 1.087 -0.467 1.946 -1.242 2.976 -2.883 1.141 -1.948 -2.372 2.199 -0.392 -2.098 0.795 -0.564 -2.675 5.086 1.000
-2.081 5.045 1.129 5.552 -2.414 -4.803 -2.648 1.487 4.223 -1.723 -0.297 -0.820 -4.008 2.379 -5.318 -2.995 -0.084 -3.022 2.756 15.713 1.000
-1.912 -4.555 -0.532 9.369 2.994 -2.439 0.161 -2.168 -1.563 -3.340 -2.514 -0.027 -2.929 2.053 -0.330 3.896 -1.878 1.704 3.033 -9.579 1.000
-2.266 0.402 -0.939 4.995 -1.752 -0.184 3.238 0.484 2.999 0.989 -1.126 1.556 -2.818 4.069 0.431 -1.384 -0.993 -0.034 -3.447 4.864 1.000
-2.799 1.296 -4.056 -1.144 -2.484 0.146 -0.033 0.523 2.846 2.977 0.579 2.197 -0.978 3.863 -0.750 -0.751 -1.951 -3.086 2.140 6.157 1.000
3.016 2.564 -1.866 -2.187 2.510 1.410 3.676 -3.811 0.447 -0.070 0.679 0.397 -6.510 -0.517 3.355 -9.722 3.085 -3.287 4.322 0.066 0.000
0.646 -2.236 2.726 3.741 1.635 -0.061 3.719 -2.690 -0.111 -5.163 -0.811 -5.129 -3.137 0.239 1.552 -2.162 1.178 -1.253 2.137 -2.821 0.000
-1.489 5.005 7.632 13.664 0.444 -1.558 3.730 1.847 -1.329 -3.358 -2.093 -0.999 -2.631 -0.552 -2.803 -0.740 1.888 2.943 -3.974 4.697 1.000
-2.648 -2.345 -0.524 -7.619 -2.280 4.492 2.720 0.276 0.562 2.175 -0.665 -5.967 3.543 -0.138 -3.376 1.499 -2.285 3.192 -3.729 2.285 0.000
0.779 2.121 1.059 -12.202 -0.578 -0.785 -2.767 -7.056 5.169 -0.607 4.376 1.510 2.811 1.994 -2.561 -0.735 -0.897 -0.371 -0.264 -2.532 1.000
-0.397 4.284 -0.288 2.393 0.083 -2.628 -4.372 0.644 -1.645 -1.136 -1.981 1.462 1.525 -1.066 -3.294 0.593 0.546 -1.241 -0.618 5.811 0.000
-0.136 0.472 -0.283 -3.116 3.014 -0.724 -0.222 -4.738 2.490 -0.907 -0.205 -2.024 -3.750 0.618 -2.482 -1.463 -1.104 -8.077 1.979 7.473 0.000
2.269 -0.607 -3.938 -1.750 5.012 1.533 -2.394 -2.353 0.767 2.325 -1.531 3.172 -6.668 2.965 -1.774 -3.462 1.728 -1.051 2.144 6.927 0.000
-7.621 1.967 1.622 -1.750 -2.276 -1.218 2.502 -1.734 2.355 -4.808 0.676 2.550 2.511 -0.375 0.251 -1.093 -0.652 -3.905 -4.910 -6.017 0.000
-2.039 2.271 0.636 -13.579 -0.371 3.862 -2.432 -0.364 6.826 -0.523 0.311 4.563 0.293 -4.561 4.721 0.692 3.028 -1.364 0.244 2.907 0.000
-1.070 1.602 -0.598 0.023 -1.964 0.533 -0.572 1.858 -0.789 2.462 -1.337 -0.691 4.469 5.917 1.767 -0.173 0.166 -0.597 -4.499 8.586 0.000
-1.769 -1.926 -2.505 0.440 3.897 0.857 0.977 3.455 3.592 -1.951 -3.926 0.257 -1.501 0.845 -3.031 -3.026 2.037 -3.462 1.158 8.980 1.000
-3.704 3.955 0.254 2.300 1.122 4.355 1.157 4.739 -7.444 -1.814 2.945 -1.912 4.275 1.558 -5.497 -2.928 -1.723 2.121 -2.024 -2.749 0.000
0.464 4.628 0.785 9.449 -1.328 -0.677 -2.050 2.430 -1.813 -3.492 -0.575 0.167 -0.538 -1.009 3.877 4.500 -0.385 0.520 1.723 2.180 0.000
1.380 -2.228 -2.351 -0.095 0.537 3.482 3.870 0.452 4.398 -2.193 -2.865 1.908 -2.036 0.258 -0.726 -6.654 -0.589 -4.924 3.506 2.770 1.000
-7.552 3.532 -0.152 -6.332 -1.179 -0.496 3.477 6.430 1.218 0.701 5.663 -3.416 3.330 0.215 -2.670 -1.751 3.310 0.735 -3.279 4.185 0.000
3.737 -3.175 -2.395 11.280 0.584 -1.741 1.247 -0.963 -1.673 1.569 -2.183 0.368 -2.866 0.944 -3.055 2.467 -4.321 4.770 2.502 -6.263 1.000
-2.549 -0.554 5.295 -13.797 0.633 -1.331 -5.014 -3.089 5.922 0.658 5.241 2.492 0.207 0.277 -1.818 -1.702 0.639 0.633 2.998 -2.943 1.000
0.579 1.864 2.194 -3.214 3.942 1.777 -2.385 0.460 -2.028 -1.714 0.647 1.672 -2.381 -5.259 0.456 2.965 4.764 -0.520 -3.081 2.577 0.000
-2.480 0.258 5.501 3.994 -0.496 -2.158 1.651 1.348 -1.969 -2.768 -0.223 -1.632 -1.232 -0.777 -3.231 -4.683 2.500 -0.888 -1.447 0.944 1.000
-1.333 -0.084 0.404 1.497 -1.484 -0.659 3.901 0.129 0.383 -1.228 -0.096 -2.324 -2.153 1.184 1.208 -1.269 4.502 -1.205 -0.295 4.000 1.000
2.195 0.944 0.476 1.399 2.305 -0.635 -1.851 -2.554 -0.859 0.914 0.277 1.529 -0.789 -1.300 -2.959 0.417 -4.109 -0.338 -1.445 -2.406 1.000
-0.873 0.118 -3.066 -7.297 -0.641 2.848 -2.128 1.408 3.901 5.869 -3.477 -0.929 1.590 3.301 2.263 2.821 0.918 -0.106 -0.071 15.052 0.000
-3.713 -3.507 -3.170 6.321 4.938 -2.334 1.706 -1.870 -1.514 1.193 -3.017 -3.671 -2.923 4.806 -5.695 2.432 -2.978 -0.990 -1.005 2.215 1.000
-2.898 -4.567 2.797 -2.939 4.223 -3.653 -0.171 -2.271 -0.368 2.109 0.086 -3.110 0.109 1.973 -3.241 -0.159 -0.217 -0.038 -1.291 -3.058 1.000
2.310 0.182 0.155 4.578 -1.602 -0.669 -1.812 -0.410 0.819 -0.587 1.448 2.214 -1.409 2.757 0.178 3.439 -1.515 -1.166 -1.951 3.753 1.000
0.737 0.324 -2.587 6.343 -1.573 1.344 0.902 0.290 -0.209 2.107 -3.956 1.394 0.216 7.275 -1.510 -0.012 -0.099 -0.786 -0.758 10.289 0.000
-7.660 0.954 6.174 -9.189 -1.502 2.813 3.331 2.328 2.485 2.520 4.444 -7.227 4.365 4.290 -3.066 -1.917 -1.388 3.159 -4.433 4.835 0.000
-4.185 -2.250 -1.258 3.211 1.749 -0.814 0.598 4.171 -0.461 -1.993 -3.599 -2.038 -4.223 -0.689 -1.383 -3.306 2.546 -3.062 -0.913 7.988 1.000
-0.684 1.453 1.767 1.244 0.165 -0.635 -3.457 1.806 0.269 -1.670 -1.610 2.752 1.986 -2.687 -0.944 1.325 -1.046 1.143 -1.677 -0.573 0.000
1.323 -4.177 2.804 -3.042 0.297 -3.768 -2.804 -3.449 -0.510 -0.175 1.678 -4.317 -0.209 -3.823 -2.416 0.214 -5.146 2.166 -0.612 -9.558 1.000
-5.335 1.742 -5.184 -2.880 -3.257 -0.554 2.446 -3.410 -0.363 1.308 -5.043 4.267 1.110 2.131 0.901 -4.483 3.033 -4.380 -1.903 1.147 0.000
-4.446 1.301 2.142 -1.926 -3.242 -0.962 -0.776 2.871 5.001 0.748 -1.703 -3.849 1.121 0.643 1.334 -0.376 -2.316 -0.447 -1.454 10.162 0.000
0.340 0.187 -0.994 -12.121 2.715 4.751 -1.208 -3.871 1.734 0.844 2.301 3.561 -0.629 1.279 0.454 -2.117 1.854 -0.095 -3.761 -0.462 0.000
-1.834 -0.973 1.627 -4.760 -2.972 1.943 -2.933 0.963 0.400 -2.175 3.058 0.736 0.014 0.761 3.548 -0.468 0.030 -0.547 0.230 -1.548 1.000
-0.372 2.087 -2.774 -0.400 -0.134 0.852 1.629 0.341 1.615 2.999 -0.032 0.098 0.109 0.082 0.449 3.171 -1.058 -1.416 -0.387 4.939 1.000
-0.700 -6.224 7.341 -5.110 5.910 -3.770 -2.016 -1.118 1.546 3.037 2.739 -2.545 -0.701 -3.931 -1.800 0.261 -4.146 4.323 -0.920 -12.302 1.000
-4.220 1.724 1.896 -4.165 -0.310 1.020 -2.466 0.414 -1.952 -1.862 4.317 -2.484 2.150 2.507 -3.478 -0.707 -1.870 2.239 -2.610 -1.579 0.000
-1.402 3.465 1.656 -14.367 0.599 3.928 -1.790 -4.662 3.679 0.402 -2.341 0.900 2.377 -3.352 6.097 2.649 3.208 -6.191 -2.960 8.077 0.000
-1.162 1.075 4.775 -1.321 2.998 -0.759 -2.002 2.628 -0.350 -0.460 1.014 -0.205 1.040 1.558 -5.797 -5.340 1.421 2.646 -3.664 4.011 1.000
2.203 2.942 3.971 5.998 6.157 0.052 -1.524 1.423 2.772 -6.350 -2.812 -3.147 -2.724 -0.362 -4.464 -3.028 -0.514 -0.173 -2.928 11.297 1.000
0.147 3.934 0.511 0.617 1.112 2.030 -3.809 1.218 -4.748 -3.713 2.010 0.163 1.399 -2.332 -2.252 2.071 -0.632 -1.140 -1.517 0.557 0.000
-0.002 0.261 1.156 1.163 -2.679 0.909 2.370 -1.935 3.317 -3.725 -0.533 -1.884 2.138 0.492 3.665 4.861 -0.432 -0.062 -0.587 -0.989 0.000
0.905 3.268 2.021 6.639 1.824 2.629 5.666 -1.121 -3.007 -1.863 1.934 0.616 -2.759 -0.052 0.364 -2.931 -0.278 4.873 -6.253 -7.257 1.000
0.525 1.228 1.282 -3.517 2.942 1.877 1.085 -1.314 -2.464 -1.026 0.202 -3.128 -1.086 -1.636 -0.194 -1.724 4.054 0.387 1.176 0.884 1.000
-4.867 1.757 -0.579 -12.313 -0.088 3.359 0.860 0.654 4.574 3.196 0.490 0.800 2.932 -0.724 2.046 -0.238 0.903 0.552 -1.633 2.438 0.000
-4.070 3.504 0.994 -7.429 2.659 0.669 -2.824 1.788 -1.462 2.777 -0.239 -2.351 1.501 -2.533 -1.278 3.690 3.038 0.392 -5.034 9.484 0.000
-0.720 3.420 0.209 7.716 3.704 -2.507 0.834 -0.564 -1.824 -1.545 -0.266 -2.575 -0.814 0.877 3.793 4.243 -0.602 1.244 -2.250 -1.056 1.000
-0.017 0.909 -0.582 17.685 3.748 -4.143 6.625 3.253 1.108 -1.918 -3.125 2.812 -3.352 -0.117 3.432 -1.546 -0.907 2.077 -3.004 -6.158 1.000
-0.247 -0.059 -1.099 -6.626 3.466 -0.767 0.979 -3.724 1.030 5.350 -0.346 0.819 -0.646 -2.135 -0.575 -1.238 -0.924 -0.843 0.724 -3.258 0.000
-2.142 0.755 1.247 3.260 -3.985 -0.609 2.473 -2.250 -1.132 -4.143 -3.538 2.143 2.793 0.055 4.323 -1.557 1.588 -3.089 -3.186 -4.599 0.000
3.237 -0.980 1.493 5.192 -1.992 0.351 1.375 0.370 -3.012 -1.019 -3.292 -0.843 2.575 -2.250 -3.122 -1.056 -1.003 0.852 -0.777 -1.682 0.000
4.241 1.874 -1.802 -3.786 3.754 2.432 3.364 -5.356 -3.277 5.438 -3.356 -2.232 -0.606 0.841 4.574 -4.715 2.391 -1.116 2.041 1.126 0.000
-0.196 -5.561 9.059 -8.130 7.126 -5.282 -1.203 -4.510 3.572 5.899 7.131 0.325 -0.854 1.573 -5.859 0.273 -2.407 1.659 -0.690 -9.584 1.000
-2.759 -1.718 4.019 -1.550 0.713 0.694 1.155 1.978 -0.418 0.267 -1.914 -3.717 0.188 -2.387 0.799 1.165 1.718 2.149 -4.732 2.588 0.000
0.769 -1.175 2.685 0.437 -2.283 0.284 0.408 0.586 0.421 -1.793 0.758 -3.395 2.238 -1.976 -0.226 3.794 -1.423 1.199 -0.276 -1.273 0.000
-2.891 2.824 -1.957 4.061 -1.240 -1.500 0.711 -0.118 -2.065 0.084 1.638 2.027 -5.614 0.335 -4.724 -5.948 -0.686 0.343 0.334 -0.570 1.000
1.274 -5.117 1.625 14.541 7.192 -3.968 1.862 4.125 0.056 4.960 -2.180 -0.921 -4.960 6.836 -4.195 1.396 -3.267 -2.128 -5.592 11.338 1.000
-2.283 -0.098 -3.637 6.329 -1.255 -1.803 6.528 5.955 -2.070 2.066 -0.823 -1.107 6.492 -4.298 1.207 9.190 -0.512 -2.363 -5.573 -2.343 0.000
2.228 3.083 0.870 3.459 -3.279 1.079 -2.071 -1.303 -0.883 -1.247 -2.822 -1.794 0.387 0.291 0.143 -0.794 -2.794 -0.726 0.661 6.313 0.000
0.171 -3.621 -0.044 8.592 -4.476 2.020 8.546 4.476 -0.409 -3.509 0.455 -4.244 3.430 -0.153 -1.876 0.357 -2.027 3.233 1.966 -8.257 0.000
-0.729 1.006 -1.520 2.418 1.736 -2.326 -0.798 3.573 0.688 -1.526 -1.124 0.800 3.114 -2.491 -2.136 1.615 -1.256 -3.187 -2.840 2.514 0.000
-1.477 0.731 -1.318 -0.374 -1.814 -0.380 3.921 -3.727 0.875 2.171 -2.494 -2.005 -1.742 1.049 2.495 -1.156 0.488 0.278 -2.592 1.525 0.000
0.154 -2.539 4.735 5.654 -4.279 -0.341 3.526 -0.674 0.133 0.517 -4.735 -3.593 1.059 -1.144 2.503 2.146 -1.783 0.581 -3.915 1.493 0.000
1.188 1.465 -2.314 1.824 -2.397 0.856 0.096 -0.382 1.343 0.214 -2.323 -0.178 -0.325 5.221 1.132 -0.312 2.538 -0.061 0.213 10.201 0.000
-1.213 -1.730 -0.875 -0.395 1.991 -1.011 0.253 -0.349 -1.525 3.441 -1.675 -2.196 0.126 4.398 -1.361 -1.257 0.819 0.921 -2.438 4.290 0.000
-1.531 0.752 -0.857 1.764 -0.484 2.153 -2.134 -4.505 -1.283 0.605 -1.908 3.777 -0.156 0.395 -1.933 4.800 -3.639 1.638 6.978 -7.604 1.000
0.959 -2.917 4.834 1.838 -0.281 -2.203 -2.114 0.649 -1.302 1.116 2.937 1.093 -1.091 1.347 -0.651 -1.551 -1.446 -0.281 -0.020 -3.210 1.000
3.659 -0.901 4.278 -1.743 -1.087 -1.616 -0.706 -0.620 1.851 -2.904 3.835 2.428 3.139 -0.786 3.904 0.070 1.552 2.044 -0.816 -9.375 1.000
-1.461 1.039 -0.440 -0.448 1.175 3.760 -1.885 2.601 -6.282 -2.686 1.763 0.062 0.904 -3.693 -2.102 2.237 0.322 1.982 -1.244 -5.090 0.000
-1.271 -0.533 -0.205 3.338 1.253 -2.296 1.951 2.962 1.985 -2.463 -3.020 -0.393 -1.949 -1.142 -2.811 -3.545 4.323 -4.740 3.816 7.572 1.000
-0.497 -1.046 1.968 11.371 2.180 -2.110 2.602 -0.424 -0.013 -3.863 -1.382 -1.908 -4.659 0.958 -4.683 1.597 -0.593 -0.823 1.660 1.517 0.000
-1.598 -4.257 4.334 3.063 -3.590 1.358 3.110 -0.617 -0.458 0.388 -3.961 -1.754 -1.421 -2.388 2.488 2.657 0.507 3.875 -1.789 -3.660 0.000
-1.842 0.249 4.430 4.560 -2.920 -0.450 2.045 1.568 1.066 1.857 -4.153 -3.658 -1.022 -0.180 5.149 0.638 0.041 2.226 -2.481 6.141 0.000
2.330 0.441 -0.418 -0.016 -0.865 1.565 -2.284 0.140 -1.975 -1.730 -1.739 0.893 1.372 -3.692 -2.233 0.546 -0.905 0.484 -0.449 -0.732 0.000
0.513 -0.738 5.758 3.373 -0.958 -1.991 1.400 1.234 1.094 -3.397 -1.395 -2.762 0.018 -0.102 -1.434 -3.903 2.274 -2.622 -0.337 5.401 1.000
-2.282 4.680 -1.235 15.789 5.674 -5.524 3.378 4.392 -2.554 -0.663 -0.750 2.450 -4.557 -2.357 -0.979 -1.495 0.064 4.598 -4.382 -5.037 1.000
2.098 -1.453 4.763 -0.476 0.823 -1.011 0.162 2.618 1.306 4.409 2.573 1.247 1.021 -2.385 -0.613 -2.299 -4.161 4.507 -4.672 -5.284 1.000
4.556 -4.115 2.689 9.323 2.085 -3.522 0.661 1.497 -1.916 1.603 0.991 -0.729 -3.078 0.437 -1.598 -1.793 -3.111 1.786 -1.099 -3.982 1.000
-0.623 3.276 -5.582 5.086 -1.577 2.154 1.544 -5.017 -2.522 -3.119 -2.844 7.724 -2.802 6.268 1.064 -4.322 2.761 -1.147 -5.080 -0.784 0.000
-1.714 2.608 2.975 0.503 3.441 -2.884 -3.976 2.213 1.013 2.522 -0.751 1.135 2.907 2.356 -4.330 -0.123 -1.311 1.474 -3.201 6.520 1.000
3.211 0.333 -1.687 5.757 0.070 1.743 -2.402 0.337 -5.313 -2.345 -2.293 0.394 -1.573 -3.532 -0.076 2.206 -0.726 -0.061 2.066 -1.562 0.000
-5.355 1.166 0.479 0.125 -2.467 -0.819 -0.789 1.005 1.691 2.679 -4.621 1.280 0.163 0.549 0.061 -0.779 -0.760 1.567 -3.708 5.496 0.000
-3.240 -2.650 -1.517 -1.470 -3.259 -0.319 -0.486 -0.030 2.353 -1.156 -1.861 1.292 0.299 2.419 0.874 0.843 1.104 1.670 -3.391 0.664 0.000
0.376 5.450 -5.803 0.129 -1.681 -1.998 -1.725 2.894 -1.332 1.878 -4.776 -1.204 4.745 -2.523 -3.419 -0.588 -0.275 -4.280 -4.083 13.971 0.000
1.926 -1.034 0.225 -7.650 -1.101 -5.814 -6.056 -5.327 4.383 2.193 3.752 -4.519 -4.279 3.512 -6.530 0.893 -0.682 -6.032 0.767 16.053 1.000
-1.653 -2.881 2.905 4.648 -3.210 4.481 5.250 0.962 -2.600 -0.710 -0.652 -4.305 -0.467 1.575 0.003 -0.095 -1.146 5.665 1.173 -5.322 0.000
3.638 1.045 3.120 -6.044 0.973 -0.946 -0.340 -1.750 2.033 4.478 3.267 -0.142 1.216 -2.431 -2.313 -0.866 -0.718 3.479 1.902 -2.965 1.000
-0.909 1.866 1.803 7.354 -0.068 0.962 -1.271 4.187 -0.147 -4.089 -0.465 -0.434 3.154 1.626 0.254 -2.278 -6.425 0.965 -2.064 -1.598 0.000
1.675 3.921 -0.677 6.793 4.264 -0.824 1.029 1.297 1.998 -0.042 -0.301 2.334 -2.921 -0.102 -4.650 -1.679 -1.720 2.385 -1.938 3.458 1.000
2.665 4.190 -1.909 -0.520 2.460 2.391 2.075 -1.873 2.728 0.593 3.246 0.790 -3.750 4.096 -1.470 -1.453 1.268 3.266 -3.698 6.179 1.000
0.145 4.784 0.038 0.363 -2.022 -3.051 -3.834 0.160 -1.839 -2.520 1.673 0.019 1.849 -2.297 -1.482 2.661 1.175 -3.188 -1.294 4.598 0.000
-2.349 -5.204 5.814 2.867 5.877 -3.549 2.548 0.176 1.604 -0.751 1.188 -2.612 1.224 -0.976 -1.835 2.547 -2.584 4.694 -0.531 -13.609 1.000
-2.059 -3.551 -0.401 1.273 3.169 -0.685 -1.470 3.447 4.266 2.502 -2.163 0.211 -6.706 -0.596 1.818 -2.483 -2.196 0.576 2.222 4.468 0.000
-1.864 2.609 3.459 3.962 -0.414 -0.211 2.991 2.784 -1.528 -1.246 -1.061 -3.702 -1.404 -2.811 3.124 3.910 5.621 0.518 -3.235 7.160 0.000
-3.034 2.521 0.558 8.101 2.788 2.116 0.624 4.930 0.705 -3.371 0.535 1.989 -1.949 2.688 -0.972 1.883 -0.759 -1.219 -2.468 6.276 0.000
-3.472 2.926 -2.723 -7.265 0.590 3.379 0.400 0.955 6.683 2.871 0.344 0.716 0.284 2.418 3.281 3.657 0.863 3.985 -0.741 6.677 0.000
-5.025 -0.804 -2.229 -1.961 -2.368 2.696 0.311 0.251 4.361 5.411 -8.741 2.462 1.052 -1.093 -1.784 2.572 -4.114 -6.293 2.170 11.726 1.000
1.429 3.717 1.095 -5.471 -2.122 -0.265 -5.874 -2.089 1.504 1.014 0.920 2.976 -1.728 -3.932 -2.412 -0.605 -0.627 -0.092 4.212 3.082 0.000
1.748 5.042 1.151 -5.310 3.184 4.535 1.407 -1.259 2.644 0.609 1.327 1.974 0.398 -1.983 4.631 0.997 1.171 -2.011 0.419 2.569 0.000
-2.385 1.556 2.581 3.068 -0.560 1.019 2.589 3.392 0.910 -0.891 2.098 -2.138 2.313 2.861 -0.608 -1.247 -1.872 2.704 -0.448 -0.461 0.000
-4.215 2.035 0.862 -0.467 0.725 3.687 -2.726 0.906 -7.151 -0.209 1.837 0.674 0.775 -1.742 1.620 5.385 -1.191 2.863 -4.512 -5.947 0.000
-0.691 1.419 -0.289 -0.514 1.227 3.123 1.084 -0.697 0.371 -4.753 0.108 -0.665 -0.704 1.999 -0.061 1.117 3.385 -3.166 -0.843 5.878 0.000
-2.331 0.984 -0.613 -2.011 2.252 0.054 0.817 -0.978 -0.267 1.214 -0.756 4.175 -1.828 -1.143 -1.119 -3.498 1.055 -4.033 -1.747 -0.040 0.000
-3.757 -2.391 -1.888 5.222 1.498 -0.874 4.532 3.235 -0.263 2.909 -3.148 2.703 0.238 -0.504 2.873 -0.877 -1.536 0.096 -3.556 -5.718 1.000
5.697 -2.277 -1.522 -10.700 1.253 6.792 -3.326 -1.476 2.705 1.981 -0.244 -0.699 -0.964 3.040 0.871 2.394 4.077 2.306 0.691 11.874 0.000
-2.333 0.621 -2.510 1.090 -0.612 -0.416 -1.859 4.516 -3.565 -1.331 -1.714 2.268 3.062 -4.746 -3.421 -0.247 0.188 0.608 -0.860 -3.484 0.000
-1.212 -0.102 -4.950 7.947 4.853 -0.400 2.518 5.280 0.579 -1.584 -4.080 -0.156 -3.931 -4.712 2.116 -2.025 -2.079 -2.723 2.044 0.381 1.000
2.689 -0.085 -2.037 -1.529 3.578 1.707 -0.432 -2.103 2.844 1.351 0.529 2.168 0.017 2.359 -0.719 -0.519 -4.182 0.085 -1.082 -0.954 1.000
-2.300 -0.503 -2.264 10.175 -0.964 -3.364 4.725 2.238 1.795 0.191 -2.461 3.451 -3.377 0.394 -3.272 -1.290 0.802 -2.481 2.018 1.333 1.000
5.436 0.329 5.180 2.630 -1.314 0.858 0.327 1.483 1.066 3.363 3.019 -0.851 2.022 -3.097 -2.037 1.423 -6.529 5.316 1.264 -5.094 1.000
-4.079 3.132 -0.997 -6.718 -0.846 2.029 -3.417 -1.895 3.634 0.780 0.946 1.429 -0.078 3.748 -3.113 2.327 -0.497 -2.267 1.867 9.565 1.000
3.288 1.513 -1.297 4.824 -1.126 3.137 -1.167 0.420 -1.223 -2.107 -2.548 -0.060 -1.055 6.871 1.247 0.498 4.284 1.220 -1.695 12.825 0.000
1.785 1.295 3.220 -1.226 -3.757 3.437 2.681 -4.257 -3.982 -0.209 -2.263 -5.542 -2.173 -2.112 0.942 2.584 4.485 1.118 -4.497 7.320 0.000
-0.062 -1.647 1.748 7.098 0.764 0.438 3.166 3.846 -1.578 0.178 -0.072 0.637 1.240 0.037 1.014 -0.702 -1.852 4.631 -1.749 -7.925 1.000
-0.270 2.629 2.700 -0.499 4.884 0.257 0.216 2.398 -0.081 -1.163 0.631 -0.444 1.228 1.579 -4.739 -1.362 4.958 2.310 -2.614 6.407 1.000
-4.554 2.735 1.783 -5.206 2.275 -0.127 0.621 -1.373 2.560 0.937 2.182 0.525 2.291 0.603 -5.200 1.954 -0.476 -0.043 -1.144 0.404 1.000
-4.856 1.044 0.618 -7.813 -2.528 1.672 1.563 2.343 4.262 1.048 -1.037 -1.240 0.426 -0.650 -3.048 -5.225 1.809 1.179 -3.289 8.061 0.000
-0.598 4.272 -1.344 -8.530 2.731 1.991 0.063 -0.666 5.207 4.228 1.774 0.943 1.896 6.279 -3.657 -0.560 2.355 -2.963 -0.958 15.833 1.000
1.400 2.399 -0.243 -1.657 -0.100 4.292 -1.914 -0.476 -5.141 0.724 -0.567 -5.522 3.263 1.179 -4.768 0.249 -2.948 1.887 1.016 4.658 0.000
-0.363 1.263 4.334 0.554 2.454 -2.812 0.965 -3.115 2.069 2.070 -0.417 0.952 3.560 -1.012 -5.213 3.835 -1.863 3.603 -0.681 -5.440 1.000
